0 -0.0306
5 -0.0306
10 -0.0305
15 -0.0304
20 -0.0302
25 -0.03
30 -0.0297
35 -0.0293
40 -0.029
45 -0.0285
50 -0.028
55 -0.0275
60 -0.0269
65 -0.0263
70 -0.0256
75 -0.0248
80 -0.024
85 -0.0232
90 -0.0223
95 -0.0213
100 -0.0203
105 -0.0193
110 -0.0182
115 -0.017
120 -0.0158
125 -0.0146
130 -0.0133
135 -0.0119
140 -0.0105
145 -0.009
150 -0.0075
155 -0.006
160 -0.0044
165 -0.0027
170 -0.001
175 0.0008
180 0.0026
185 0.0045
190 0.0064
195 0.0083
200 0.0104
205 0.0124
210 0.0145
215 0.0167
220 0.0189
225 0.0212
230 0.0235
235 0.0259
240 0.0283
245 0.0307
250 0.0332
255 0.0358
260 0.0384
265 0.0411
270 0.0438
275 0.0465
280 0.0493
285 0.0522
290 0.0551
295 0.058
300 0.061
305 0.064
310 0.0671
315 0.0702
320 0.0734
325 0.0766
330 0.0799
335 0.0832
340 0.0865
345 0.0899
350 0.0933
355 0.0968
360 0.1003
365 0.1039
370 0.1075
375 0.1111
380 0.1148
385 0.1185
390 0.1222
395 0.126
400 0.1298
405 0.1337
410 0.1375
415 0.1415
420 0.1454
425 0.1494
430 0.1534
435 0.1575
440 0.1615
445 0.1656
450 0.1697
455 0.1739
460 0.1781
465 0.1822
470 0.1864
475 0.1907
480 0.1949
485 0.1992
490 0.2035
495 0.2077
500 0.2121
505 0.2164
510 0.2207
515 0.225
520 0.2293
525 0.2337
530 0.238
535 0.2423
540 0.2466
545 0.251
550 0.2553
555 0.2596
560 0.2639
565 0.2681
570 0.2724
575 0.2766
580 0.2808
585 0.2886
590 0.2927
595 0.2968
600 0.3009
605 0.305
610 0.309
615 0.313
620 0.3169
625 0.3208
630 0.3247
635 0.3285
640 0.3323
645 0.336
650 0.3397
655 0.3434
660 0.347
665 0.3505
670 0.354
675 0.3574
680 0.3608
685 0.3641
690 0.3673
695 0.3705
700 0.3737
705 0.3767
710 0.3797
715 0.3827
720 0.3856
725 0.3884
730 0.3912
735 0.3939
740 0.3966
745 0.3991
750 0.4017
755 0.4041
760 0.4065
765 0.4089
770 0.4111
775 0.4133
780 0.4155
785 0.4176
790 0.4196
795 0.4216
800 0.4235
805 0.4254
810 0.4272
815 0.4289
820 0.4306
825 0.4323
830 0.4338
835 0.4354
840 0.4369
845 0.4383
850 0.4397
855 0.441
860 0.4423
865 0.4435
870 0.4447
875 0.4458
880 0.4469
885 0.448
890 0.4549
895 0.4559
900 0.4568
905 0.4577
910 0.4586
915 0.4594
920 0.4602
925 0.461
930 0.4617
935 0.4623
940 0.463
945 0.4636
950 0.4642
955 0.4647
960 0.4652
965 0.4657
970 0.4661
975 0.4665
980 0.4669
985 0.4672
990 0.4675
995 0.4678
1000 0.4681
1005 0.4683
1010 0.4685
1015 0.4687
1020 0.4689
1025 0.469
1030 0.4691
1035 0.4692
1040 0.4692
1045 0.4693
1050 0.4693
1055 0.4693
1060 0.4692
1065 0.4692
1070 0.4691
1075 0.469
1080 0.4689
1085 0.4688
1090 0.4686
1095 0.4684
1100 0.4682
1105 0.468
1110 0.4678
1115 0.4676
1120 0.4673
1125 0.467
1130 0.4668
1135 0.4665
1140 0.4662
1145 0.4658
1150 0.4655
1155 0.4652
1160 0.4648
1165 0.4645
1170 0.4641
1175 0.4637
1180 0.4634
1185 0.463
1190 0.4626
1195 0.4622
1200 0.4619
1205 0.4615
1210 0.4611
1215 0.4607
1220 0.4604
1225 0.46
1230 0.4597
1235 0.4593
1240 0.459
1245 0.4586
1250 0.4583
1255 0.458
1260 0.4577
1265 0.4574
1270 0.4572
1275 0.4569
1280 0.4567
1285 0.4565
1290 0.4562
1295 0.4561
1300 0.4559
1305 0.4557
1310 0.4556
1315 0.4584
1320 0.4583
1325 0.4582
1330 0.4582
1335 0.4581
1340 0.4581
1345 0.4581
1350 0.4581
1355 0.4581
1360 0.4581
1365 0.4581
1370 0.4582
1375 0.4582
1380 0.4583
1385 0.4583
1390 0.4584
1395 0.4585
1400 0.4586
1405 0.4586
1410 0.4587
1415 0.4588
1420 0.4589
1425 0.459
1430 0.4591
1435 0.4592
1440 0.4592
1445 0.4593
1450 0.4594
1455 0.4595
1460 0.4596
1465 0.4596
1470 0.4597
1475 0.4598
1480 0.4599
1485 0.4599
1490 0.46
1495 0.4611
1500 0.4612
1505 0.4613
1510 0.4614
1515 0.4615
1520 0.4616
1525 0.4618
1530 0.4619
1535 0.462
1540 0.4622
1545 0.4623
1550 0.4625
1555 0.4627
1560 0.4629
1565 0.4631
1570 0.4633
1575 0.4635
1580 0.4637
1585 0.464
1590 0.4642
1595 0.4645
1600 0.4648
1605 0.465
1610 0.4653
1615 0.4656
1620 0.4659
1625 0.4662
1630 0.4665
1635 0.4669
1640 0.4648
1645 0.4652
1650 0.4656
1655 0.466
1660 0.4663
1665 0.4667
1670 0.4671
1675 0.4675
1680 0.4679
1685 0.4683
1690 0.4687
1695 0.4691
1700 0.4695
1705 0.4699
1710 0.4704
1715 0.4708
1720 0.4713
1725 0.4717
1730 0.4722
1735 0.4727
1740 0.4732
1745 0.4737
1750 0.4742
1755 0.4747
1760 0.4752
1765 0.4758
1770 0.4763
1775 0.4769
1780 0.4775
1785 0.4781
1790 0.4786
1795 0.4792
1800 0.4799
1805 0.4805
1810 0.4816
1815 0.4822
1820 0.4828
1825 0.4834
1830 0.484
1835 0.4846
1840 0.4853
1845 0.4859
1850 0.4865
1855 0.4872
1860 0.4878
1865 0.4885
1870 0.4891
1875 0.4898
1880 0.4905
1885 0.4911
1890 0.4918
1895 0.4925
1900 0.4932
1905 0.4939
1910 0.4946
1915 0.4953
1920 0.496
1925 0.4967
1930 0.4974
1935 0.4982
1940 0.4989
1945 0.4996
1950 0.5004
1955 0.5011
1960 0.5018
1965 0.5026
1970 0.5033
1975 0.504
1980 0.5048
1985 0.5055
1990 0.5062
1995 0.5069
2000 0.5076
2005 0.5083
2010 0.5089
2015 0.5096
2020 0.5102
2025 0.5108
2030 0.5114
2035 0.5119
2040 0.5125
2045 0.513
2050 0.5135
2055 0.514
2060 0.5144
2065 0.5148
2070 0.5152
2075 0.5156
2080 0.5159
2085 0.5162
2090 0.5165
2095 0.5167
2100 0.5169
2105 0.5171
2110 0.5173
2115 0.5174
2120 0.5176
2125 0.5177
2130 0.5177
2135 0.5178
2140 0.5178
2145 0.5178
2150 0.5177
2155 0.5211
2160 0.521
2165 0.5209
2170 0.5208
2175 0.5207
2180 0.5206
2185 0.5204
2190 0.5202
2195 0.52
2200 0.5198
2205 0.5195
2210 0.5193
2215 0.519
2220 0.5187
2225 0.5183
2230 0.518
2235 0.5176
2240 0.5172
2245 0.5168
2250 0.5164
2255 0.516
2260 0.5155
2265 0.515
2270 0.5145
2275 0.514
2280 0.5135
2285 0.513
2290 0.5125
2295 0.5119
2300 0.5113
2305 0.5108
2310 0.5102
2315 0.5096
2320 0.509
2325 0.5085
2330 0.5079
2335 0.5073
2340 0.5067
2345 0.5061
2350 0.5055
2355 0.5049
2360 0.5043
2365 0.5038
2370 0.5032
2375 0.5026
2380 0.5021
2385 0.5015
2390 0.501
2395 0.5004
2400 0.4999
2405 0.4994
2410 0.4989
2415 0.4984
2420 0.4979
2425 0.4974
2430 0.4969
2435 0.4964
2440 0.4959
2445 0.4954
2450 0.4949
2455 0.4943
2460 0.4919
2465 0.4914
2470 0.4908
2475 0.4903
2480 0.4898
2485 0.4892
2490 0.4886
2495 0.4881
2500 0.4875
2505 0.4869
2510 0.4863
2515 0.4857
2520 0.4851
2525 0.4845
2530 0.4839
2535 0.4832
2540 0.4826
2545 0.482
2550 0.4813
2555 0.4807
2560 0.4801
2565 0.4794
2570 0.4788
2575 0.4781
2580 0.4775
2585 0.4768
2590 0.4761
2595 0.4755
2600 0.4748
2605 0.4741
2610 0.4698
2615 0.4691
2620 0.4685
2625 0.4678
2630 0.4671
2635 0.4665
2640 0.4658
2645 0.4652
2650 0.4645
2655 0.4639
2660 0.4633
2665 0.4627
2670 0.4621
2675 0.4616
2680 0.461
2685 0.4605
2690 0.46
2695 0.4596
2700 0.4591
2705 0.4587
2710 0.4583
2715 0.458
2720 0.4576
2725 0.4573
2730 0.457
2735 0.4568
2740 0.4566
2745 0.4564
2750 0.4562
2755 0.4561
2760 0.4559
2765 0.4558
2770 0.4558
2775 0.4557
2780 0.4557
2785 0.4557
2790 0.4557
2795 0.4557
2800 0.4558
2805 0.4559
2810 0.456
2815 0.4561
2820 0.4562
2825 0.4564
2830 0.4566
2835 0.4568
2840 0.4571
2845 0.4573
2850 0.4576
2855 0.4579
2860 0.4583
2865 0.4586
2870 0.459
2875 0.4594
2880 0.4599
2885 0.4603
2890 0.4608
2895 0.4613
2900 0.4618
2905 0.4624
2910 0.463
2915 0.4635
2920 0.4641
2925 0.4648
2930 0.4654
2935 0.4646
2940 0.4653
2945 0.4659
2950 0.4666
2955 0.4673
2960 0.468
2965 0.4687
2970 0.4693
2975 0.47
2980 0.4707
2985 0.4713
2990 0.472
2995 0.4726
3000 0.4733
3005 0.4739
3010 0.4745
3015 0.4751
3020 0.4757
3025 0.4763
3030 0.4768
3035 0.4774
3040 0.4779
3045 0.4784
3050 0.4788
3055 0.4793
3060 0.4797
3065 0.4802
3070 0.4805
3075 0.4809
3080 0.4813
3085 0.4816
3090 0.4819
3095 0.4822
3100 0.4825
3105 0.4828
3110 0.4814
3115 0.4815
3120 0.4816
3125 0.4817
3130 0.4818
3135 0.4818
3140 0.4819
3145 0.4819
3150 0.4819
3155 0.482
3160 0.482
3165 0.482
3170 0.4819
3175 0.4819
3180 0.4819
3185 0.4818
3190 0.4817
3195 0.4816
3200 0.4815
3205 0.4814
3210 0.4813
3215 0.4811
3220 0.481
3225 0.4808
3230 0.4806
3235 0.4804
3240 0.4802
3245 0.48
3250 0.4797
3255 0.4794
3260 0.4792
3265 0.4754
3270 0.4751
3275 0.4747
3280 0.4743
3285 0.474
3290 0.4736
3295 0.4732
3300 0.4729
3305 0.4725
3310 0.4721
3315 0.4717
3320 0.4713
3325 0.4709
3330 0.4705
3335 0.4702
3340 0.4698
3345 0.4694
3350 0.469
3355 0.4686
3360 0.4682
3365 0.4679
3370 0.4675
3375 0.4671
3380 0.4668
3385 0.4664
3390 0.466
3395 0.4656
3400 0.4653
3405 0.4649
3410 0.4645
3415 0.4641
3420 0.4638
3425 0.4634
3430 0.463
3435 0.4626
3440 0.4622
3445 0.4618
3450 0.4614
3455 0.461
3460 0.4606
3465 0.4602
3470 0.4598
3475 0.4593
3480 0.4589
3485 0.4584
3490 0.458
3495 0.4576
3500 0.4571
3505 0.4567
3510 0.4562
3515 0.4558
3520 0.4553
3525 0.4549
3530 0.4544
3535 0.454
3540 0.452
3545 0.4517
3550 0.4515
3555 0.4513
3560 0.4512
3565 0.451
3570 0.4508
3575 0.4507
3580 0.4505
3585 0.4504
3590 0.4503
3595 0.4502
3600 0.4501
3605 0.45
3610 0.4499
3615 0.4499
3620 0.4498
3625 0.4498
3630 0.4498
3635 0.4498
3640 0.4498
3645 0.4498
3650 0.4498
3655 0.4499
3660 0.4499
3665 0.45
3670 0.4501
3675 0.4502
3680 0.4504
3685 0.4505
3690 0.4507
3695 0.4509
3700 0.451
3705 0.4513
3710 0.4515
3715 0.4518
3720 0.452
3725 0.4523
3730 0.4526
3735 0.4529
3740 0.4533
3745 0.4536
3750 0.454
3755 0.4543
3760 0.4547
3765 0.4551
3770 0.4554
3775 0.4558
3780 0.4562
3785 0.4566
3790 0.457
3795 0.4574
3800 0.4578
3805 0.4581
3810 0.4585
3815 0.4589
3820 0.4592
3825 0.4596
3830 0.4599
3835 0.4602
3840 0.4606
3845 0.4609
3850 0.4612
3855 0.4614
3860 0.4617
3865 0.4605
3870 0.4608
3875 0.4611
3880 0.4613
3885 0.4616
3890 0.4618
3895 0.4621
3900 0.4623
3905 0.4625
3910 0.4627
3915 0.4629
3920 0.4631
3925 0.4633
3930 0.4634
3935 0.4636
3940 0.4637
3945 0.4638
3950 0.4639
3955 0.4639
3960 0.464
3965 0.464
3970 0.464
3975 0.464
3980 0.4639
3985 0.4639
3990 0.4637
3995 0.4636
