0 -0.013
5 -0.013
10 -0.013
15 -0.013
20 -0.013
25 -0.013
30 -0.013
35 -0.0129
40 -0.0129
45 -0.0129
50 -0.0128
55 -0.0128
60 -0.0127
65 -0.0127
70 -0.0126
75 -0.0126
80 -0.0125
85 -0.0124
90 -0.0124
95 -0.0123
100 -0.0122
105 -0.0121
110 -0.012
115 -0.0119
120 -0.0118
125 -0.0117
130 -0.0116
135 -0.0115
140 -0.0114
145 -0.0113
150 -0.0111
155 -0.011
160 -0.0109
165 -0.0107
170 -0.0106
175 -0.0104
180 -0.0103
185 -0.0101
190 -0.01
195 -0.0098
200 -0.0096
205 -0.0095
210 -0.0093
215 -0.0091
220 -0.0089
225 -0.0087
230 -0.0085
235 -0.0084
240 -0.0082
245 -0.0079
250 -0.0077
255 -0.0075
260 -0.0073
265 -0.0071
270 -0.0069
275 -0.0066
280 -0.0064
285 -0.0062
290 -0.0059
295 -0.0057
300 -0.0054
305 -0.0052
310 -0.0049
315 -0.0046
320 -0.0044
325 -0.0041
330 -0.0038
335 -0.0035
340 -0.0033
345 -0.003
350 -0.0027
355 -0.0024
360 -0.0021
365 -0.0018
370 -0.0015
375 -0.0011
380 -0.0008
385 -0.0005
390 -0.0002
395 0.0001
400 0.0005
405 0.0008
410 0.0012
415 0.0015
420 0.0019
425 0.0022
430 0.0026
435 0.0029
440 0.0033
445 0.0037
450 0.004
455 0.0044
460 0.0048
465 0.0052
470 0.0056
475 0.006
480 0.0064
485 0.0068
490 0.0072
495 0.0076
500 0.008
505 0.0084
510 0.0088
515 0.0092
520 0.0097
525 0.0101
530 0.0105
535 0.011
540 0.0114
545 0.0118
550 0.0123
555 0.0127
560 0.0132
565 0.0137
570 0.0141
575 0.0146
580 0.0151
585 0.0155
590 0.016
595 0.0165
600 0.017
605 0.0175
610 0.0179
615 0.0184
620 0.0189
625 0.0194
630 0.0199
635 0.0204
640 0.021
645 0.0215
650 0.022
655 0.0225
660 0.023
665 0.0236
670 0.0241
675 0.0246
680 0.0251
685 0.0257
690 0.0262
695 0.0268
700 0.0273
705 0.0279
710 0.0284
715 0.029
720 0.0295
725 0.0301
730 0.0306
735 0.0312
740 0.0318
745 0.0323
750 0.0329
755 0.0335
760 0.0341
765 0.0346
770 0.0352
775 0.0358
780 0.0364
785 0.037
790 0.0376
795 0.0382
800 0.0388
805 0.0393
810 0.0399
815 0.0405
820 0.0411
825 0.0417
830 0.0424
835 0.043
840 0.0436
845 0.0442
850 0.0448
855 0.0454
860 0.046
865 0.0466
870 0.0472
875 0.0479
880 0.0485
885 0.0491
890 0.0497
895 0.0503
900 0.051
905 0.0516
910 0.0522
915 0.0528
920 0.0535
925 0.0541
930 0.0547
935 0.0553
940 0.056
945 0.0566
950 0.0572
955 0.0579
960 0.0585
965 0.0591
970 0.0597
975 0.0604
980 0.061
985 0.0616
990 0.0623
995 0.0629
1000 0.0635
1005 0.0641
1010 0.0648
1015 0.0654
1020 0.066
1025 0.0667
1030 0.0673
1035 0.0679
1040 0.0685
1045 0.0692
1050 0.0698
1055 0.0704
1060 0.071
1065 0.0716
1070 0.0723
1075 0.0797
1080 0.0804
1085 0.0811
1090 0.0817
1095 0.0824
1100 0.083
1105 0.0837
1110 0.0843
1115 0.085
1120 0.0856
1125 0.0863
1130 0.0869
1135 0.0876
1140 0.0882
1145 0.0889
1150 0.0895
1155 0.0902
1160 0.0908
1165 0.0914
1170 0.0921
1175 0.0927
1180 0.0933
1185 0.094
1190 0.0946
1195 0.0952
1200 0.0958
1205 0.0965
1210 0.0971
1215 0.0977
1220 0.0983
1225 0.0989
1230 0.0996
1235 0.1002
1240 0.1008
1245 0.1014
1250 0.102
1255 0.1026
1260 0.1032
1265 0.1038
1270 0.1044
1275 0.105
1280 0.1056
1285 0.1061
1290 0.1067
1295 0.1073
1300 0.1079
1305 0.1085
1310 0.109
1315 0.1096
1320 0.1102
1325 0.1107
1330 0.1113
1335 0.1118
1340 0.1124
1345 0.1129
1350 0.1135
1355 0.114
1360 0.1146
1365 0.1151
1370 0.1157
1375 0.1162
1380 0.1167
1385 0.1173
1390 0.1178
1395 0.1183
1400 0.1188
1405 0.1193
1410 0.1199
1415 0.1204
1420 0.1209
1425 0.1214
1430 0.1219
1435 0.1224
1440 0.1229
1445 0.1234
1450 0.1236
1455 0.1241
1460 0.1246
1465 0.125
1470 0.1255
1475 0.126
1480 0.1265
1485 0.1269
1490 0.1274
1495 0.1279
1500 0.1283
1505 0.1288
1510 0.1292
1515 0.1297
1520 0.1301
1525 0.1306
1530 0.131
1535 0.1315
1540 0.1319
1545 0.1324
1550 0.1328
1555 0.1332
1560 0.1337
1565 0.1341
1570 0.1345
1575 0.135
1580 0.1354
1585 0.1358
1590 0.1362
1595 0.1367
1600 0.1371
1605 0.1375
1610 0.1379
1615 0.1384
1620 0.1388
1625 0.1392
1630 0.1396
1635 0.14
1640 0.1405
1645 0.1409
1650 0.1413
1655 0.1417
1660 0.1421
1665 0.1426
1670 0.143
1675 0.1434
1680 0.1438
1685 0.1443
1690 0.1447
1695 0.1451
1700 0.1456
1705 0.146
1710 0.1464
1715 0.1469
1720 0.1473
1725 0.1477
1730 0.1482
1735 0.1486
1740 0.149
1745 0.1495
1750 0.1499
1755 0.1504
1760 0.1508
1765 0.1512
1770 0.1517
1775 0.1521
1780 0.1525
1785 0.153
1790 0.1534
1795 0.1538
1800 0.1542
1805 0.1546
1810 0.155
1815 0.1553
1820 0.1557
1825 0.156
1830 0.1563
1835 0.1566
1840 0.1569
1845 0.1571
1850 0.1573
1855 0.1575
1860 0.1577
1865 0.1578
1870 0.1579
1875 0.1579
1880 0.158
1885 0.1579
1890 0.1579
1895 0.1578
1900 0.1576
1905 0.1575
1910 0.1573
1915 0.157
1920 0.1568
1925 0.1565
1930 0.1562
1935 0.1559
1940 0.1555
1945 0.1552
1950 0.1548
1955 0.1544
1960 0.154
1965 0.1536
1970 0.1532
1975 0.1528
1980 0.1524
1985 0.152
1990 0.1516
1995 0.1512
2000 0.1508
2005 0.1504
2010 0.15
2015 0.1497
2020 0.1493
2025 0.149
2030 0.1487
2035 0.1484
2040 0.1481
2045 0.1478
2050 0.1475
2055 0.1472
2060 0.147
2065 0.1467
2070 0.1465
2075 0.1463
2080 0.1461
2085 0.146
2090 0.1458
2095 0.1457
2100 0.1455
2105 0.1454
2110 0.1453
2115 0.1452
2120 0.1452
2125 0.1451
2130 0.1451
2135 0.1451
2140 0.1451
2145 0.1451
2150 0.1451
2155 0.1452
2160 0.1452
2165 0.1453
2170 0.1454
2175 0.1456
2180 0.1457
2185 0.1459
2190 0.1461
2195 0.1463
2200 0.1465
2205 0.1467
2210 0.147
2215 0.1473
2220 0.1476
2225 0.1479
2230 0.1483
2235 0.1486
2240 0.149
2245 0.1495
2250 0.1499
2255 0.1503
2260 0.1508
2265 0.1513
2270 0.1518
2275 0.1524
2280 0.1529
2285 0.1535
2290 0.1541
2295 0.1547
2300 0.1553
2305 0.1559
2310 0.1566
2315 0.1572
2320 0.1579
2325 0.1585
2330 0.1592
2335 0.1598
2340 0.1605
2345 0.1611
2350 0.1617
2355 0.1624
2360 0.163
2365 0.1636
2370 0.1642
2375 0.1648
2380 0.1654
2385 0.1797
2390 0.1807
2395 0.1818
2400 0.1829
2405 0.184
2410 0.185
2415 0.1861
2420 0.1871
2425 0.1881
2430 0.1891
2435 0.1901
2440 0.1911
2445 0.1921
2450 0.1931
2455 0.1941
2460 0.1951
2465 0.1961
2470 0.1971
2475 0.1981
2480 0.199
2485 0.2
2490 0.201
2495 0.202
2500 0.203
2505 0.2039
2510 0.2049
2515 0.2059
2520 0.2068
2525 0.2078
2530 0.2087
2535 0.2096
2540 0.2106
2545 0.2114
2550 0.2123
2555 0.2132
2560 0.214
2565 0.2148
2570 0.2156
2575 0.2164
2580 0.2171
2585 0.2178
2590 0.2186
2595 0.2192
2600 0.2199
2605 0.2206
2610 0.2212
2615 0.2218
2620 0.2225
2625 0.2231
2630 0.2237
2635 0.2243
2640 0.2249
2645 0.2255
2650 0.2261
2655 0.2267
2660 0.2274
2665 0.228
2670 0.2286
2675 0.2292
2680 0.2298
2685 0.2303
2690 0.2309
2695 0.2315
2700 0.232
2705 0.2326
2710 0.2331
2715 0.2336
2720 0.234
2725 0.2345
2730 0.2349
2735 0.2352
2740 0.2356
2745 0.2359
2750 0.2361
2755 0.2363
2760 0.2365
2765 0.2367
2770 0.2367
2775 0.2368
2780 0.2234
2785 0.2234
2790 0.2234
2795 0.2234
2800 0.2232
2805 0.2231
2810 0.2228
2815 0.2225
2820 0.2221
2825 0.2217
2830 0.2212
2835 0.2207
2840 0.2201
2845 0.2194
2850 0.2187
2855 0.218
2860 0.2173
2865 0.2165
2870 0.2157
2875 0.2148
2880 0.214
2885 0.2131
2890 0.2122
2895 0.2113
2900 0.2104
2905 0.2096
2910 0.2087
2915 0.2078
2920 0.2069
2925 0.2061
2930 0.2053
2935 0.2044
2940 0.2036
2945 0.2028
2950 0.202
2955 0.2013
2960 0.2005
2965 0.1998
2970 0.1991
2975 0.1984
2980 0.1977
2985 0.1987
2990 0.1981
2995 0.1976
3000 0.1971
3005 0.1966
3010 0.1961
3015 0.1957
3020 0.1952
3025 0.1948
3030 0.1944
3035 0.194
3040 0.1936
3045 0.1932
3050 0.1929
3055 0.1925
3060 0.1921
3065 0.1918
3070 0.1914
3075 0.1911
3080 0.1907
3085 0.1904
3090 0.19
3095 0.1897
3100 0.1893
3105 0.1889
3110 0.1885
3115 0.1881
3120 0.1877
3125 0.1873
3130 0.1868
3135 0.1864
3140 0.1859
3145 0.1853
3150 0.1848
3155 0.1842
3160 0.1836
3165 0.183
3170 0.1823
3175 0.1816
3180 0.1809
3185 0.1802
3190 0.1794
3195 0.1786
3200 0.1779
3205 0.1771
3210 0.1763
3215 0.1755
3220 0.1747
3225 0.1739
3230 0.1731
3235 0.1723
3240 0.1715
3245 0.1708
3250 0.1701
3255 0.1693
3260 0.1687
3265 0.168
3270 0.1674
3275 0.1668
3280 0.1663
3285 0.1658
3290 0.1653
3295 0.1649
3300 0.1645
3305 0.1641
3310 0.1638
3315 0.1635
3320 0.1632
3325 0.1629
3330 0.1627
3335 0.1625
3340 0.1935
3345 0.1936
3350 0.1938
3355 0.1939
3360 0.1939
3365 0.194
3370 0.194
3375 0.194
3380 0.194
3385 0.1939
3390 0.1938
3395 0.1936
3400 0.1935
3405 0.1933
3410 0.1931
3415 0.1928
3420 0.1926
3425 0.1923
3430 0.192
3435 0.1917
3440 0.1913
3445 0.191
3450 0.1906
3455 0.1903
3460 0.1899
3465 0.1895
3470 0.1891
3475 0.1887
3480 0.1883
3485 0.1879
3490 0.1875
3495 0.187
3500 0.1866
3505 0.1862
3510 0.1857
3515 0.1853
3520 0.159
3525 0.1589
3530 0.1586
3535 0.1584
3540 0.1582
3545 0.158
3550 0.1577
3555 0.1575
3560 0.1572
3565 0.1569
3570 0.1567
3575 0.1564
3580 0.1561
3585 0.1559
3590 0.1556
3595 0.1553
3600 0.1551
3605 0.1548
3610 0.1545
3615 0.1543
3620 0.1541
3625 0.1539
3630 0.1536
3635 0.1535
3640 0.1533
3645 0.1531
3650 0.153
3655 0.1529
3660 0.1528
3665 0.1527
3670 0.1526
3675 0.1526
3680 0.1526
3685 0.1526
3690 0.1526
3695 0.1526
3700 0.1527
3705 0.1696
3710 0.1698
3715 0.17
3720 0.1702
3725 0.1705
3730 0.1707
3735 0.171
3740 0.1713
3745 0.1716
3750 0.172
3755 0.1723
3760 0.1727
3765 0.1731
3770 0.1735
3775 0.174
3780 0.1745
3785 0.1749
3790 0.1754
3795 0.176
3800 0.1765
3805 0.1771
3810 0.1777
3815 0.1783
3820 0.1789
3825 0.1795
3830 0.1802
3835 0.1808
3840 0.1815
3845 0.1822
3850 0.1829
3855 0.1836
3860 0.1842
3865 0.1849
3870 0.1856
3875 0.1863
3880 0.1869
3885 0.1875
3890 0.1881
3895 0.1886
3900 0.1891
3905 0.1895
3910 0.1898
3915 0.1901
3920 0.1904
3925 0.1905
3930 0.1906
3935 0.1905
3940 0.1904
3945 0.1902
3950 0.19
3955 0.1897
3960 0.1893
3965 0.1888
3970 0.1884
3975 0.1879
3980 0.1873
3985 0.1868
3990 0.1862
3995 0.1856
