0 0.0181
5 0.0181
10 0.0182
15 0.0182
20 0.0183
25 0.0184
30 0.0185
35 0.0187
40 0.0188
45 0.019
50 0.0192
55 0.0195
60 0.0197
65 0.02
70 0.0203
75 0.0206
80 0.021
85 0.0214
90 0.0217
95 0.0222
100 0.0226
105 0.023
110 0.0235
115 0.024
120 0.0245
125 0.0251
130 0.0257
135 0.0263
140 0.0269
145 0.0275
150 0.0281
155 0.0288
160 0.0295
165 0.0303
170 0.031
175 0.0318
180 0.0326
185 0.0334
190 0.0342
195 0.035
200 0.0359
205 0.0368
210 0.0377
215 0.0387
220 0.0396
225 0.0406
230 0.0416
235 0.0427
240 0.0437
245 0.0448
250 0.0459
255 0.047
260 0.0481
265 0.0493
270 0.0505
275 0.0517
280 0.0529
285 0.0541
290 0.0554
295 0.0567
300 0.058
305 0.0593
310 0.0607
315 0.0621
320 0.0635
325 0.0649
330 0.0663
335 0.0678
340 0.0692
345 0.0707
350 0.0723
355 0.0738
360 0.0754
365 0.0769
370 0.0785
375 0.0802
380 0.0818
385 0.0835
390 0.0852
395 0.0869
400 0.0886
405 0.0903
410 0.0921
415 0.0939
420 0.0957
425 0.0975
430 0.0994
435 0.1012
440 0.1031
445 0.105
450 0.1069
455 0.1089
460 0.1108
465 0.1128
470 0.1148
475 0.1169
480 0.1189
485 0.121
490 0.123
495 0.1251
500 0.1272
505 0.1294
510 0.1315
515 0.1337
520 0.1359
525 0.1381
530 0.1404
535 0.1426
540 0.1449
545 0.1472
550 0.1495
555 0.1518
560 0.1541
565 0.1565
570 0.1589
575 0.1613
580 0.1637
585 0.1661
590 0.1685
595 0.171
600 0.1735
605 0.176
610 0.1785
615 0.1811
620 0.1836
625 0.2207
630 0.2233
635 0.226
640 0.2287
645 0.2315
650 0.2342
655 0.2369
660 0.2397
665 0.2425
670 0.2453
675 0.2481
680 0.251
685 0.2538
690 0.2567
695 0.2596
700 0.2625
705 0.2654
710 0.2684
715 0.2713
720 0.2742
725 0.2772
730 0.2802
735 0.2832
740 0.2862
745 0.2892
750 0.2922
755 0.2952
760 0.2982
765 0.3012
770 0.3042
775 0.3072
780 0.3102
785 0.3132
790 0.3162
795 0.3192
800 0.3221
805 0.3251
810 0.328
815 0.3309
820 0.3339
825 0.3367
830 0.3396
835 0.3424
840 0.3453
845 0.348
850 0.3508
855 0.3535
860 0.3562
865 0.3533
870 0.356
875 0.3586
880 0.3612
885 0.3638
890 0.3663
895 0.3687
900 0.3712
905 0.3736
910 0.3759
915 0.3782
920 0.3805
925 0.3827
930 0.3849
935 0.387
940 0.3891
945 0.3911
950 0.3931
955 0.395
960 0.3969
965 0.3988
970 0.4006
975 0.4023
980 0.4041
985 0.4057
990 0.4073
995 0.4089
1000 0.4104
1005 0.4119
1010 0.4133
1015 0.4147
1020 0.4161
1025 0.4174
1030 0.4186
1035 0.4199
1040 0.421
1045 0.4222
1050 0.4232
1055 0.4243
1060 0.4253
1065 0.4263
1070 0.4272
1075 0.4281
1080 0.429
1085 0.4298
1090 0.4306
1095 0.4314
1100 0.4321
1105 0.4328
1110 0.4334
1115 0.4341
1120 0.4347
1125 0.4352
1130 0.4358
1135 0.4363
1140 0.4368
1145 0.4372
1150 0.4377
1155 0.4381
1160 0.4385
1165 0.4388
1170 0.4392
1175 0.4395
1180 0.4398
1185 0.44
1190 0.4403
1195 0.4405
1200 0.4407
1205 0.4408
1210 0.441
1215 0.4411
1220 0.4412
1225 0.4413
1230 0.4414
1235 0.4414
1240 0.4414
1245 0.4414
1250 0.4414
1255 0.4414
1260 0.4413
1265 0.4412
1270 0.4411
1275 0.441
1280 0.4409
1285 0.4407
1290 0.4406
1295 0.4404
1300 0.4402
1305 0.44
1310 0.4398
1315 0.4395
1320 0.4393
1325 0.439
1330 0.4387
1335 0.4385
1340 0.4382
1345 0.4379
1350 0.4376
1355 0.4373
1360 0.437
1365 0.4366
1370 0.4363
1375 0.436
1380 0.4357
1385 0.4354
1390 0.4351
1395 0.4348
1400 0.4344
1405 0.4341
1410 0.4338
1415 0.4335
1420 0.4332
1425 0.4329
1430 0.4326
1435 0.4323
1440 0.432
1445 0.4317
1450 0.4314
1455 0.4312
1460 0.4309
1465 0.4306
1470 0.4304
1475 0.4301
1480 0.4299
1485 0.4296
1490 0.4294
1495 0.4292
1500 0.429
1505 0.4288
1510 0.4286
1515 0.4285
1520 0.4283
1525 0.4282
1530 0.428
1535 0.4279
1540 0.4278
1545 0.4277
1550 0.4276
1555 0.4275
1560 0.4274
1565 0.4273
1570 0.4272
1575 0.4382
1580 0.4381
1585 0.4379
1590 0.4377
1595 0.4374
1600 0.4372
1605 0.4369
1610 0.4366
1615 0.4363
1620 0.436
1625 0.4357
1630 0.4353
1635 0.435
1640 0.4346
1645 0.4342
1650 0.4339
1655 0.4335
1660 0.4331
1665 0.4327
1670 0.4324
1675 0.432
1680 0.4317
1685 0.4314
1690 0.4311
1695 0.4308
1700 0.4305
1705 0.4303
1710 0.43
1715 0.4298
1720 0.4296
1725 0.4295
1730 0.4293
1735 0.4292
1740 0.4327
1745 0.4329
1750 0.4331
1755 0.4333
1760 0.4335
1765 0.4337
1770 0.4339
1775 0.4341
1780 0.4342
1785 0.4344
1790 0.4345
1795 0.4347
1800 0.4348
1805 0.4349
1810 0.4349
1815 0.435
1820 0.4351
1825 0.4351
1830 0.4351
1835 0.4351
1840 0.4351
1845 0.4351
1850 0.435
1855 0.435
1860 0.4349
1865 0.4348
1870 0.4347
1875 0.4346
1880 0.4345
1885 0.4344
1890 0.4343
1895 0.4341
1900 0.434
1905 0.4338
1910 0.4337
1915 0.4335
1920 0.4333
1925 0.4331
1930 0.4329
1935 0.4327
1940 0.4324
1945 0.4322
1950 0.4319
1955 0.4316
1960 0.4314
1965 0.431
1970 0.4307
1975 0.4304
1980 0.4301
1985 0.4297
1990 0.4294
1995 0.429
2000 0.4287
2005 0.4283
2010 0.4279
2015 0.4276
2020 0.4272
2025 0.4268
2030 0.4265
2035 0.4261
2040 0.4258
2045 0.4254
2050 0.4251
2055 0.4248
2060 0.4245
2065 0.4241
2070 0.4197
2075 0.4195
2080 0.4193
2085 0.4191
2090 0.4189
2095 0.4187
2100 0.4185
2105 0.4183
2110 0.4182
2115 0.418
2120 0.4179
2125 0.4178
2130 0.4177
2135 0.4176
2140 0.4175
2145 0.4174
2150 0.4173
2155 0.4172
2160 0.4172
2165 0.4171
2170 0.417
2175 0.417
2180 0.4169
2185 0.4168
2190 0.4167
2195 0.4167
2200 0.4166
2205 0.4165
2210 0.4164
2215 0.4163
2220 0.4163
2225 0.4162
2230 0.4161
2235 0.4214
2240 0.4212
2245 0.4209
2250 0.4207
2255 0.4204
2260 0.4201
2265 0.4199
2270 0.4196
2275 0.4193
2280 0.419
2285 0.4186
2290 0.4183
2295 0.418
2300 0.4176
2305 0.4173
2310 0.4169
2315 0.4166
2320 0.4162
2325 0.4158
2330 0.4154
2335 0.4151
2340 0.4147
2345 0.4142
2350 0.4138
2355 0.4134
2360 0.413
2365 0.4126
2370 0.4121
2375 0.4117
2380 0.4113
2385 0.4108
2390 0.4102
2395 0.4101
2400 0.4101
2405 0.4101
2410 0.41
2415 0.41
2420 0.4099
2425 0.4099
2430 0.4098
2435 0.4098
2440 0.4097
2445 0.4097
2450 0.4097
2455 0.4096
2460 0.4096
2465 0.4096
2470 0.4096
2475 0.4096
2480 0.4096
2485 0.4096
2490 0.4097
2495 0.4097
2500 0.4098
2505 0.4099
2510 0.41
2515 0.4101
2520 0.4102
2525 0.4104
2530 0.4106
2535 0.4108
2540 0.411
2545 0.4113
2550 0.4116
2555 0.4119
2560 0.4123
2565 0.4127
2570 0.4131
2575 0.4135
2580 0.414
2585 0.4145
2590 0.415
2595 0.4156
2600 0.4162
2605 0.4168
2610 0.4174
2615 0.4181
2620 0.4188
2625 0.4196
2630 0.4203
2635 0.4211
2640 0.422
2645 0.4228
2650 0.4237
2655 0.4246
2660 0.4255
2665 0.4265
2670 0.4275
2675 0.4285
2680 0.4295
2685 0.4306
2690 0.4316
2695 0.4327
2700 0.4338
2705 0.4349
2710 0.4372
2715 0.4385
2720 0.4398
2725 0.4412
2730 0.4425
2735 0.4438
2740 0.4451
2745 0.4464
2750 0.4477
2755 0.449
2760 0.4503
2765 0.4516
2770 0.4528
2775 0.4541
2780 0.4553
2785 0.4565
2790 0.4577
2795 0.4589
2800 0.4601
2805 0.4613
2810 0.4624
2815 0.4635
2820 0.4646
2825 0.4657
2830 0.4668
2835 0.4678
2840 0.4688
2845 0.4698
2850 0.4708
2855 0.4717
2860 0.4727
2865 0.4736
2870 0.4745
2875 0.4753
2880 0.4761
2885 0.4769
2890 0.4777
2895 0.4784
2900 0.4791
2905 0.4797
2910 0.4803
2915 0.4808
2920 0.4813
2925 0.4817
2930 0.482
2935 0.4823
2940 0.4826
2945 0.4827
2950 0.4828
2955 0.4829
2960 0.4828
2965 0.4827
2970 0.4826
2975 0.4824
2980 0.4821
2985 0.4818
2990 0.4814
2995 0.4809
3000 0.4804
3005 0.4799
3010 0.4793
3015 0.4787
3020 0.478
3025 0.4773
3030 0.4765
3035 0.4757
3040 0.4749
3045 0.474
3050 0.4731
3055 0.4721
3060 0.4711
3065 0.4701
3070 0.4691
3075 0.468
3080 0.4669
3085 0.4658
3090 0.4646
3095 0.4634
3100 0.4623
3105 0.4611
3110 0.4599
3115 0.4587
3120 0.4575
3125 0.4563
3130 0.4552
3135 0.454
3140 0.4529
3145 0.4517
3150 0.4507
3155 0.4496
3160 0.4485
3165 0.4475
3170 0.4465
3175 0.4455
3180 0.4446
3185 0.4436
3190 0.4427
3195 0.4418
3200 0.4409
3205 0.4401
3210 0.4392
3215 0.4384
3220 0.4375
3225 0.4367
3230 0.4359
3235 0.4351
3240 0.4343
3245 0.4335
3250 0.4327
3255 0.423
3260 0.4222
3265 0.4215
3270 0.4207
3275 0.42
3280 0.4193
3285 0.4186
3290 0.4178
3295 0.4171
3300 0.4165
3305 0.4158
3310 0.4151
3315 0.4144
3320 0.4137
3325 0.4131
3330 0.4124
3335 0.4118
3340 0.4111
3345 0.4105
3350 0.4099
3355 0.4093
3360 0.4087
3365 0.4081
3370 0.4075
3375 0.4069
3380 0.4063
3385 0.4057
3390 0.4051
3395 0.4046
3400 0.4035
3405 0.4029
3410 0.4023
3415 0.4016
3420 0.401
3425 0.4004
3430 0.3998
3435 0.3992
3440 0.3986
3445 0.398
3450 0.3974
3455 0.3967
3460 0.3961
3465 0.3955
3470 0.3948
3475 0.3942
3480 0.3936
3485 0.3929
3490 0.3923
3495 0.3916
3500 0.3909
3505 0.3902
3510 0.3896
3515 0.3888
3520 0.3881
3525 0.3874
3530 0.3866
3535 0.3821
3540 0.3813
3545 0.3804
3550 0.3795
3555 0.3786
3560 0.3777
3565 0.3767
3570 0.3758
3575 0.3747
3580 0.3737
3585 0.3727
3590 0.3716
3595 0.3706
3600 0.3695
3605 0.3684
3610 0.3673
3615 0.3662
3620 0.3652
3625 0.3641
3630 0.363
3635 0.362
3640 0.3609
3645 0.3599
3650 0.3589
3655 0.3579
3660 0.3569
3665 0.356
3670 0.355
3675 0.3541
3680 0.3532
3685 0.3523
3690 0.3515
3695 0.3506
3700 0.3498
3705 0.349
3710 0.3483
3715 0.3475
3720 0.3468
3725 0.3461
3730 0.3454
3735 0.3447
3740 0.344
3745 0.3434
3750 0.3427
3755 0.349
3760 0.3482
3765 0.3474
3770 0.3467
3775 0.3459
3780 0.3452
3785 0.3445
3790 0.3438
3795 0.343
3800 0.3423
3805 0.3416
3810 0.3409
3815 0.3402
3820 0.3395
3825 0.3388
3830 0.3381
3835 0.3374
3840 0.3366
3845 0.3359
3850 0.3352
3855 0.3345
3860 0.3337
3865 0.3416
3870 0.341
3875 0.3403
3880 0.3397
3885 0.339
3890 0.3383
3895 0.3376
3900 0.3369
3905 0.3362
3910 0.3355
3915 0.3348
3920 0.3341
3925 0.3334
3930 0.3328
3935 0.3321
3940 0.3315
3945 0.3308
3950 0.3302
3955 0.3296
3960 0.329
3965 0.3285
3970 0.3279
3975 0.3196
3980 0.3193
3985 0.3189
3990 0.3186
3995 0.3184
