0 0.0192
5 0.0192
10 0.0193
15 0.0195
20 0.0197
25 0.0199
30 0.0203
35 0.0206
40 0.0211
45 0.0216
50 0.0221
55 0.0227
60 0.0234
65 0.0241
70 0.0249
75 0.0257
80 0.0266
85 0.0276
90 0.0286
95 0.0297
100 0.0308
105 0.032
110 0.0332
115 0.0345
120 0.0359
125 0.0373
130 0.0387
135 0.0403
140 0.0418
145 0.0435
150 0.0452
155 0.0469
160 0.0487
165 0.0506
170 0.0525
175 0.0544
180 0.0564
185 0.0585
190 0.0606
195 0.0628
200 0.065
205 0.0673
210 0.0696
215 0.072
220 0.0745
225 0.077
230 0.0795
235 0.0821
240 0.0847
245 0.0874
250 0.0901
255 0.0929
260 0.0957
265 0.0986
270 0.1015
275 0.1045
280 0.1075
285 0.1106
290 0.1137
295 0.1168
300 0.12
305 0.1233
310 0.1266
315 0.1299
320 0.1332
325 0.1366
330 0.1401
335 0.1435
340 0.1471
345 0.1506
350 0.1542
355 0.1578
360 0.1614
365 0.1651
370 0.1688
375 0.1726
380 0.1764
385 0.1802
390 0.184
395 0.1878
400 0.1917
405 0.1956
410 0.1995
415 0.2034
420 0.2074
425 0.2114
430 0.2154
435 0.2194
440 0.2234
445 0.2274
450 0.2314
455 0.2355
460 0.2395
465 0.2435
470 0.2476
475 0.2516
480 0.2557
485 0.2597
490 0.2638
495 0.2678
500 0.2718
505 0.2758
510 0.2798
515 0.2838
520 0.2878
525 0.2917
530 0.2957
535 0.2996
540 0.3035
545 0.3074
550 0.3112
555 0.3468
560 0.3504
565 0.3541
570 0.3577
575 0.3613
580 0.3648
585 0.3683
590 0.3717
595 0.3751
600 0.3785
605 0.3818
610 0.385
615 0.3882
620 0.3914
625 0.3945
630 0.3976
635 0.4006
640 0.4036
645 0.4065
650 0.4094
655 0.4122
660 0.4149
665 0.4176
670 0.4203
675 0.4229
680 0.4254
685 0.4279
690 0.4304
695 0.4328
700 0.4351
705 0.4374
710 0.4396
715 0.4418
720 0.4439
725 0.4459
730 0.448
735 0.4499
740 0.4518
745 0.4537
750 0.4555
755 0.4572
760 0.4589
765 0.4606
770 0.4622
775 0.4638
780 0.4653
785 0.4667
790 0.4682
795 0.4695
800 0.4709
805 0.4721
810 0.4734
815 0.4746
820 0.4757
825 0.4768
830 0.4779
835 0.4789
840 0.4799
845 0.4808
850 0.4818
855 0.4826
860 0.4835
865 0.4843
870 0.485
875 0.4858
880 0.4865
885 0.4849
890 0.4855
895 0.4861
900 0.4866
905 0.4872
910 0.4876
915 0.4881
920 0.4886
925 0.489
930 0.4894
935 0.4898
940 0.4901
945 0.4905
950 0.4908
955 0.4911
960 0.4913
965 0.4916
970 0.4918
975 0.492
980 0.4922
985 0.4924
990 0.4926
995 0.4928
1000 0.4929
1005 0.493
1010 0.4931
1015 0.4933
1020 0.4933
1025 0.4934
1030 0.4935
1035 0.4936
1040 0.4936
1045 0.4937
1050 0.4937
1055 0.4937
1060 0.4937
1065 0.4938
1070 0.4938
1075 0.4938
1080 0.4938
1085 0.4938
1090 0.4938
1095 0.4937
1100 0.4937
1105 0.4937
1110 0.4937
1115 0.4937
1120 0.4936
1125 0.4936
1130 0.492
1135 0.4921
1140 0.4921
1145 0.4921
1150 0.4921
1155 0.4921
1160 0.4921
1165 0.4921
1170 0.4921
1175 0.4921
1180 0.4921
1185 0.4921
1190 0.4921
1195 0.4921
1200 0.492
1205 0.492
1210 0.492
1215 0.492
1220 0.492
1225 0.492
1230 0.492
1235 0.492
1240 0.492
1245 0.492
1250 0.4919
1255 0.4919
1260 0.4919
1265 0.4919
1270 0.4919
1275 0.4919
1280 0.492
1285 0.492
1290 0.492
1295 0.492
1300 0.492
1305 0.4921
1310 0.4921
1315 0.4914
1320 0.4915
1325 0.4915
1330 0.4915
1335 0.4915
1340 0.4916
1345 0.4916
1350 0.4917
1355 0.4917
1360 0.4918
1365 0.4919
1370 0.4919
1375 0.492
1380 0.4921
1385 0.4922
1390 0.4922
1395 0.4923
1400 0.4924
1405 0.4925
1410 0.4926
1415 0.4927
1420 0.4928
1425 0.493
1430 0.4931
1435 0.4932
1440 0.4933
1445 0.4934
1450 0.4936
1455 0.4937
1460 0.4938
1465 0.494
1470 0.4941
1475 0.4943
1480 0.4944
1485 0.4946
1490 0.4948
1495 0.495
1500 0.4951
1505 0.4953
1510 0.4955
1515 0.4957
1520 0.4959
1525 0.4961
1530 0.4963
1535 0.4965
1540 0.4967
1545 0.4969
1550 0.4971
1555 0.4974
1560 0.4976
1565 0.4978
1570 0.498
1575 0.4982
1580 0.4984
1585 0.4986
1590 0.4988
1595 0.499
1600 0.4991
1605 0.4993
1610 0.4995
1615 0.4996
1620 0.4998
1625 0.4999
1630 0.5001
1635 0.5002
1640 0.5004
1645 0.5005
1650 0.5006
1655 0.5007
1660 0.5008
1665 0.5009
1670 0.501
1675 0.5011
1680 0.5013
1685 0.5014
1690 0.5015
1695 0.5016
1700 0.5017
1705 0.5014
1710 0.5015
1715 0.5016
1720 0.5017
1725 0.5018
1730 0.5019
1735 0.5019
1740 0.502
1745 0.5021
1750 0.5022
1755 0.5023
1760 0.5024
1765 0.5026
1770 0.5027
1775 0.5028
1780 0.5029
1785 0.503
1790 0.5031
1795 0.5032
1800 0.5034
1805 0.5035
1810 0.5036
1815 0.5037
1820 0.5038
1825 0.5039
1830 0.504
1835 0.5041
1840 0.5043
1845 0.5043
1850 0.5044
1855 0.5045
1860 0.5046
1865 0.5047
1870 0.5047
1875 0.5048
1880 0.5054
1885 0.5054
1890 0.5053
1895 0.5052
1900 0.5051
1905 0.5049
1910 0.5048
1915 0.5046
1920 0.5045
1925 0.5043
1930 0.504
1935 0.5038
1940 0.5036
1945 0.5033
1950 0.503
1955 0.5027
1960 0.5024
1965 0.5021
1970 0.5018
1975 0.5014
1980 0.5011
1985 0.5007
1990 0.5003
1995 0.4999
2000 0.4995
2005 0.4991
2010 0.4986
2015 0.4982
2020 0.4978
2025 0.4973
2030 0.4969
2035 0.4964
2040 0.4959
2045 0.4955
2050 0.495
2055 0.5
2060 0.4995
2065 0.499
2070 0.4986
2075 0.4981
2080 0.4976
2085 0.4971
2090 0.4966
2095 0.4961
2100 0.4957
2105 0.4952
2110 0.4947
2115 0.4942
2120 0.4937
2125 0.4932
2130 0.4928
2135 0.4923
2140 0.4918
2145 0.4914
2150 0.4909
2155 0.4905
2160 0.49
2165 0.4896
2170 0.4892
2175 0.4887
2180 0.4883
2185 0.4879
2190 0.4875
2195 0.4871
2200 0.4867
2205 0.4863
2210 0.486
2215 0.4856
2220 0.4852
2225 0.4849
2230 0.4845
2235 0.4842
2240 0.4838
2245 0.4835
2250 0.4831
2255 0.4828
2260 0.4825
2265 0.4821
2270 0.4818
2275 0.4815
2280 0.4812
2285 0.4809
2290 0.4806
2295 0.4803
2300 0.48
2305 0.4797
2310 0.4794
2315 0.4791
2320 0.4788
2325 0.4786
2330 0.4783
2335 0.4781
2340 0.4778
2345 0.4776
2350 0.4774
2355 0.4772
2360 0.4771
2365 0.4769
2370 0.4768
2375 0.4766
2380 0.4766
2385 0.4765
2390 0.4764
2395 0.4764
2400 0.4763
2405 0.4763
2410 0.4764
2415 0.4764
2420 0.4764
2425 0.4765
2430 0.483
2435 0.4832
2440 0.4833
2445 0.4835
2450 0.4836
2455 0.4838
2460 0.484
2465 0.4842
2470 0.4844
2475 0.4846
2480 0.4848
2485 0.4851
2490 0.4853
2495 0.4855
2500 0.4857
2505 0.486
2510 0.4862
2515 0.4864
2520 0.4867
2525 0.4869
2530 0.4871
2535 0.4874
2540 0.4876
2545 0.4878
2550 0.4881
2555 0.4883
2560 0.4885
2565 0.4888
2570 0.489
2575 0.4892
2580 0.4894
2585 0.4897
2590 0.4899
2595 0.4901
2600 0.4926
2605 0.4928
2610 0.493
2615 0.4932
2620 0.4934
2625 0.4936
2630 0.4938
2635 0.494
2640 0.4941
2645 0.4943
2650 0.4944
2655 0.4946
2660 0.4947
2665 0.4948
2670 0.4949
2675 0.495
2680 0.4951
2685 0.4952
2690 0.4953
2695 0.4953
2700 0.4954
2705 0.4955
2710 0.4955
2715 0.4956
2720 0.4956
2725 0.4957
2730 0.4957
2735 0.4957
2740 0.4958
2745 0.4958
2750 0.4941
2755 0.4942
2760 0.4943
2765 0.4944
2770 0.4945
2775 0.4946
2780 0.4946
2785 0.4947
2790 0.4948
2795 0.4949
2800 0.495
2805 0.4951
2810 0.4952
2815 0.4953
2820 0.4954
2825 0.4955
2830 0.4956
2835 0.4957
2840 0.4959
2845 0.496
2850 0.4961
2855 0.4963
2860 0.4964
2865 0.4966
2870 0.4968
2875 0.4969
2880 0.4971
2885 0.4973
2890 0.4975
2895 0.4977
2900 0.4979
2905 0.4982
2910 0.4984
2915 0.4986
2920 0.4988
2925 0.4991
2930 0.4993
2935 0.4996
2940 0.4998
2945 0.5001
2950 0.5003
2955 0.5005
2960 0.5008
2965 0.501
2970 0.5013
2975 0.5015
2980 0.5017
2985 0.502
2990 0.5022
2995 0.5024
3000 0.5026
3005 0.5028
3010 0.503
3015 0.5032
3020 0.5034
3025 0.5036
3030 0.5038
3035 0.504
3040 0.5041
3045 0.5043
3050 0.5045
3055 0.5046
3060 0.5048
3065 0.5049
3070 0.5051
3075 0.5052
3080 0.5053
3085 0.5055
3090 0.5056
3095 0.5152
3100 0.5154
3105 0.5156
3110 0.5157
3115 0.5159
3120 0.5161
3125 0.5163
3130 0.5164
3135 0.5166
3140 0.5168
3145 0.517
3150 0.5172
3155 0.5174
3160 0.5177
3165 0.5179
3170 0.5181
3175 0.5184
3180 0.5187
3185 0.5189
3190 0.5192
3195 0.5195
3200 0.5199
3205 0.5202
3210 0.5206
3215 0.521
3220 0.5214
3225 0.5218
3230 0.5222
3235 0.5226
3240 0.5231
3245 0.5236
3250 0.5241
3255 0.5245
3260 0.525
3265 0.5256
3270 0.5261
3275 0.5266
3280 0.5271
3285 0.5277
3290 0.5282
3295 0.5287
3300 0.5293
3305 0.5298
3310 0.5303
3315 0.5308
3320 0.5314
3325 0.5319
3330 0.5324
3335 0.5329
3340 0.5334
3345 0.5339
3350 0.5344
3355 0.5348
3360 0.5353
3365 0.5357
3370 0.5362
3375 0.5366
3380 0.537
3385 0.5374
3390 0.5378
3395 0.5382
3400 0.5386
3405 0.539
3410 0.5393
3415 0.5397
3420 0.5401
3425 0.5404
3430 0.5408
3435 0.5411
3440 0.5464
3445 0.5469
3450 0.5473
3455 0.5477
3460 0.5481
3465 0.5485
3470 0.5489
3475 0.5493
3480 0.5497
3485 0.5501
3490 0.5505
3495 0.5509
3500 0.5513
3505 0.5517
3510 0.5521
3515 0.5526
3520 0.553
3525 0.5534
3530 0.5539
3535 0.5543
3540 0.5548
3545 0.5552
3550 0.5557
3555 0.5562
3560 0.5567
3565 0.5572
3570 0.5576
3575 0.5581
3580 0.5586
3585 0.5591
3590 0.5596
3595 0.5601
3600 0.5606
3605 0.5611
3610 0.5616
3615 0.5621
3620 0.5626
3625 0.563
3630 0.5634
3635 0.5639
3640 0.5643
3645 0.5647
3650 0.565
3655 0.5654
3660 0.5657
3665 0.5659
3670 0.5662
3675 0.5664
3680 0.5666
3685 0.5668
3690 0.5669
3695 0.567
3700 0.567
3705 0.567
3710 0.567
3715 0.5669
3720 0.5668
3725 0.5667
3730 0.5666
3735 0.5664
3740 0.5662
3745 0.5659
3750 0.5657
3755 0.5654
3760 0.5651
3765 0.5648
3770 0.5645
3775 0.5641
3780 0.5638
3785 0.5634
3790 0.5631
3795 0.5627
3800 0.5624
3805 0.562
3810 0.5617
3815 0.5613
3820 0.561
3825 0.5606
3830 0.5603
3835 0.56
3840 0.5597
3845 0.5594
3850 0.5591
3855 0.5589
3860 0.5586
3865 0.5584
3870 0.5582
3875 0.558
3880 0.5578
3885 0.5576
3890 0.5575
3895 0.5573
3900 0.5572
3905 0.5571
3910 0.557
3915 0.5569
3920 0.5569
3925 0.5568
3930 0.5568
3935 0.5568
3940 0.5568
3945 0.5568
3950 0.5568
3955 0.5568
3960 0.5569
3965 0.5588
3970 0.5589
3975 0.559
3980 0.5591
3985 0.5592
3990 0.5593
3995 0.5594
