0 -0.0266
5 -0.0266
10 -0.0266
15 -0.0266
20 -0.0266
25 -0.0266
30 -0.0266
35 -0.0266
40 -0.0266
45 -0.0266
50 -0.0265
55 -0.0265
60 -0.0265
65 -0.0265
70 -0.0265
75 -0.0264
80 -0.0264
85 -0.0264
90 -0.0263
95 -0.0263
100 -0.0263
105 -0.0262
110 -0.0262
115 -0.0261
120 -0.0261
125 -0.0261
130 -0.026
135 -0.026
140 -0.0259
145 -0.0259
150 -0.0258
155 -0.0257
160 -0.0257
165 -0.0256
170 -0.0256
175 -0.0255
180 -0.0254
185 -0.0254
190 -0.0253
195 -0.0252
200 -0.0252
205 -0.0251
210 -0.025
215 -0.0249
220 -0.0248
225 -0.0248
230 -0.0247
235 -0.0246
240 -0.0245
245 -0.0244
250 -0.0243
255 -0.0242
260 -0.0241
265 -0.024
270 -0.0239
275 -0.0238
280 -0.0237
285 -0.0236
290 -0.0235
295 -0.0234
300 -0.0233
305 -0.0232
310 -0.0231
315 -0.023
320 -0.0229
325 -0.0227
330 -0.0226
335 -0.0225
340 -0.0224
345 -0.0223
350 -0.0221
355 -0.022
360 -0.0219
365 -0.0217
370 -0.0216
375 -0.0215
380 -0.0213
385 -0.0212
390 -0.021
395 -0.0209
400 -0.0208
405 -0.0206
410 -0.0205
415 -0.0203
420 -0.0202
425 -0.02
430 -0.0198
435 -0.0197
440 -0.0195
445 -0.0194
450 -0.0192
455 -0.019
460 -0.0189
465 -0.0187
470 -0.0185
475 -0.0184
480 -0.0182
485 -0.018
490 -0.0178
495 -0.0177
500 -0.0175
505 -0.0173
510 -0.0171
515 -0.0169
520 -0.0167
525 -0.0165
530 -0.0163
535 -0.0162
540 -0.016
545 -0.0158
550 -0.0156
555 -0.0154
560 -0.0152
565 -0.015
570 -0.0148
575 -0.0145
580 -0.0143
585 -0.0141
590 -0.0139
595 -0.0137
600 -0.0135
605 -0.0133
610 -0.0131
615 -0.0128
620 -0.0126
625 -0.0124
630 -0.0122
635 -0.0119
640 -0.0117
645 -0.0115
650 -0.0112
655 -0.011
660 -0.0108
665 -0.0105
670 -0.0103
675 -0.0101
680 -0.0098
685 -0.0096
690 -0.0093
695 -0.0091
700 -0.0088
705 -0.0086
710 -0.0083
715 -0.0081
720 -0.0078
725 -0.0076
730 -0.0073
735 -0.0071
740 -0.0068
745 -0.0066
750 -0.0063
755 -0.006
760 -0.0058
765 -0.0055
770 -0.0052
775 -0.005
780 -0.0047
785 -0.0044
790 -0.0041
795 -0.0039
800 -0.0036
805 -0.0033
810 -0.003
815 -0.0028
820 -0.0025
825 -0.0022
830 -0.0019
835 -0.0016
840 -0.0013
845 -0.001
850 -0.0008
855 -0.0005
860 -0.0002
865 0.0001
870 0.0004
875 0.0007
880 0.001
885 0.0013
890 0.0016
895 0.0019
900 0.0022
905 0.0025
910 0.0028
915 0.0031
920 0.0034
925 0.0037
930 0.004
935 0.0044
940 0.0047
945 0.005
950 0.0053
955 0.0056
960 0.0059
965 0.0062
970 0.0065
975 0.0069
980 0.0072
985 0.0075
990 0.0078
995 0.0081
1000 0.0085
1005 0.0088
1010 0.0091
1015 0.0094
1020 0.0098
1025 0.0101
1030 0.0104
1035 0.0107
1040 0.0111
1045 0.0114
1050 0.0117
1055 0.012
1060 0.0124
1065 0.0127
1070 0.013
1075 0.0134
1080 0.0137
1085 0.014
1090 0.0144
1095 0.0147
1100 0.015
1105 0.0154
1110 0.0157
1115 0.016
1120 0.0164
1125 0.0167
1130 0.0171
1135 0.0174
1140 0.0177
1145 0.0181
1150 0.0184
1155 0.0187
1160 0.0191
1165 0.0194
1170 0.0198
1175 0.0201
1180 0.0204
1185 0.0208
1190 0.0211
1195 0.0215
1200 0.0218
1205 0.0221
1210 0.0225
1215 0.0228
1220 0.0232
1225 0.0235
1230 0.0238
1235 0.0242
1240 0.0245
1245 0.0249
1250 0.0252
1255 0.0255
1260 0.0259
1265 0.0262
1270 0.0266
1275 0.0269
1280 0.0272
1285 0.0276
1290 0.0279
1295 0.0283
1300 0.0286
1305 0.0289
1310 0.0293
1315 0.0296
1320 0.0299
1325 0.0303
1330 0.0306
1335 0.031
1340 0.0313
1345 0.0316
1350 0.032
1355 0.0323
1360 0.0326
1365 0.0329
1370 0.0333
1375 0.0336
1380 0.0339
1385 0.0343
1390 0.0346
1395 0.0349
1400 0.0352
1405 0.0356
1410 0.0359
1415 0.0362
1420 0.0365
1425 0.0369
1430 0.0372
1435 0.0375
1440 0.0378
1445 0.0381
1450 0.0385
1455 0.0388
1460 0.0391
1465 0.0394
1470 0.0397
1475 0.04
1480 0.0403
1485 0.0406
1490 0.041
1495 0.0413
1500 0.0416
1505 0.0419
1510 0.0422
1515 0.0425
1520 0.0428
1525 0.0431
1530 0.0434
1535 0.0437
1540 0.044
1545 0.0443
1550 0.0446
1555 0.0449
1560 0.0451
1565 0.0685
1570 0.0688
1575 0.069
1580 0.0693
1585 0.0695
1590 0.0697
1595 0.07
1600 0.0702
1605 0.0704
1610 0.0707
1615 0.0709
1620 0.0711
1625 0.0713
1630 0.0716
1635 0.0718
1640 0.072
1645 0.0722
1650 0.0724
1655 0.0726
1660 0.0728
1665 0.073
1670 0.0732
1675 0.0734
1680 0.0736
1685 0.0738
1690 0.074
1695 0.0742
1700 0.0744
1705 0.0746
1710 0.0748
1715 0.075
1720 0.0752
1725 0.0753
1730 0.0755
1735 0.0757
1740 0.0759
1745 0.076
1750 0.0762
1755 0.0764
1760 0.0765
1765 0.0767
1770 0.0769
1775 0.077
1780 0.0772
1785 0.0773
1790 0.0775
1795 0.0776
1800 0.0778
1805 0.0779
1810 0.0781
1815 0.0782
1820 0.0783
1825 0.0785
1830 0.0786
1835 0.0787
1840 0.0789
1845 0.079
1850 0.0791
1855 0.0792
1860 0.0794
1865 0.0795
1870 0.0796
1875 0.0797
1880 0.0798
1885 0.0799
1890 0.0801
1895 0.0802
1900 0.0803
1905 0.0804
1910 0.0805
1915 0.0806
1920 0.0807
1925 0.0808
1930 0.0809
1935 0.081
1940 0.0811
1945 0.0811
1950 0.0812
1955 0.0813
1960 0.0814
1965 0.0815
1970 0.0816
1975 0.0817
1980 0.0817
1985 0.0818
1990 0.0819
1995 0.082
2000 0.082
2005 0.0821
2010 0.0822
2015 0.0822
2020 0.0823
2025 0.0824
2030 0.0824
2035 0.0825
2040 0.0826
2045 0.0826
2050 0.0827
2055 0.0828
2060 0.0828
2065 0.0829
2070 0.0829
2075 0.083
2080 0.083
2085 0.0831
2090 0.0831
2095 0.0832
2100 0.0833
2105 0.0833
2110 0.0834
2115 0.0834
2120 0.0835
2125 0.0835
2130 0.0836
2135 0.0836
2140 0.0837
2145 0.0837
2150 0.0838
2155 0.0838
2160 0.0839
2165 0.0839
2170 0.084
2175 0.084
2180 0.0841
2185 0.0841
2190 0.0842
2195 0.0842
2200 0.0843
2205 0.0843
2210 0.0844
2215 0.0844
2220 0.0845
2225 0.0846
2230 0.0846
2235 0.0847
2240 0.0847
2245 0.0848
2250 0.0849
2255 0.0849
2260 0.085
2265 0.0851
2270 0.0852
2275 0.0852
2280 0.0853
2285 0.0854
2290 0.0855
2295 0.0855
2300 0.0856
2305 0.0857
2310 0.0858
2315 0.0859
2320 0.086
2325 0.0861
2330 0.0862
2335 0.0863
2340 0.0864
2345 0.0865
2350 0.0866
2355 0.0868
2360 0.0869
2365 0.087
2370 0.0871
2375 0.0873
2380 0.0874
2385 0.0876
2390 0.0877
2395 0.0879
2400 0.088
2405 0.0882
2410 0.0884
2415 0.0886
2420 0.0888
2425 0.0889
2430 0.0891
2435 0.0893
2440 0.0896
2445 0.0898
2450 0.09
2455 0.0902
2460 0.0905
2465 0.0907
2470 0.091
2475 0.0912
2480 0.0915
2485 0.0918
2490 0.0921
2495 0.0924
2500 0.0927
2505 0.093
2510 0.0934
2515 0.0937
2520 0.094
2525 0.0944
2530 0.0948
2535 0.0952
2540 0.0956
2545 0.096
2550 0.0964
2555 0.0968
2560 0.0973
2565 0.0978
2570 0.0982
2575 0.0987
2580 0.0993
2585 0.0998
2590 0.1003
2595 0.1009
2600 0.1015
2605 0.102
2610 0.1027
2615 0.1033
2620 0.1039
2625 0.1046
2630 0.1053
2635 0.106
2640 0.1067
2645 0.1075
2650 0.1082
2655 0.109
2660 0.1098
2665 0.1107
2670 0.1115
2675 0.1124
2680 0.1133
2685 0.1142
2690 0.1152
2695 0.1162
2700 0.1172
2705 0.1182
2710 0.1192
2715 0.1203
2720 0.1214
2725 0.1225
2730 0.1236
2735 0.1247
2740 0.1259
2745 0.127
2750 0.1282
2755 0.1294
2760 0.1306
2765 0.1318
2770 0.133
2775 0.1342
2780 0.1354
2785 0.1366
2790 0.1378
2795 0.1389
2800 0.14
2805 0.1411
2810 0.1422
2815 0.1432
2820 0.1441
2825 0.145
2830 0.1459
2835 0.1467
2840 0.1474
2845 0.148
2850 0.1486
2855 0.1491
2860 0.1495
2865 0.1498
2870 0.1501
2875 0.1503
2880 0.1504
2885 0.1504
2890 0.1504
2895 0.1503
2900 0.1501
2905 0.1499
2910 0.1497
2915 0.1494
2920 0.149
2925 0.1486
2930 0.1482
2935 0.1478
2940 0.1473
2945 0.1469
2950 0.1464
2955 0.1459
2960 0.1454
2965 0.1448
2970 0.1443
2975 0.1438
2980 0.1433
2985 0.1428
2990 0.1423
2995 0.1418
3000 0.1413
3005 0.1408
3010 0.1403
3015 0.1398
3020 0.1394
3025 0.1389
3030 0.1385
3035 0.1381
3040 0.1377
3045 0.1372
3050 0.1368
3055 0.1365
3060 0.1361
3065 0.1357
3070 0.1353
3075 0.135
3080 0.1346
3085 0.1342
3090 0.1339
3095 0.1335
3100 0.1331
3105 0.1328
3110 0.1324
3115 0.1321
3120 0.1317
3125 0.1314
3130 0.131
3135 0.1307
3140 0.1303
3145 0.13
3150 0.1297
3155 0.1293
3160 0.129
3165 0.1288
3170 0.1285
3175 0.1282
3180 0.128
3185 0.1278
3190 0.1276
3195 0.1274
3200 0.1273
3205 0.1271
3210 0.127
3215 0.1269
3220 0.1268
3225 0.1268
3230 0.1267
3235 0.1267
3240 0.1267
3245 0.1267
3250 0.1268
3255 0.1268
3260 0.1269
3265 0.127
3270 0.1271
3275 0.1272
3280 0.1273
3285 0.1274
3290 0.1276
3295 0.1278
3300 0.1279
3305 0.1281
3310 0.1283
3315 0.1286
3320 0.1288
3325 0.129
3330 0.1293
3335 0.1296
3340 0.1298
3345 0.1301
3350 0.1305
3355 0.1308
3360 0.1311
3365 0.1314
3370 0.1318
3375 0.1322
3380 0.1325
3385 0.1329
3390 0.1333
3395 0.1337
3400 0.1342
3405 0.1346
3410 0.135
3415 0.1355
3420 0.136
3425 0.1364
3430 0.1369
3435 0.1374
3440 0.1379
3445 0.1384
3450 0.1389
3455 0.1394
3460 0.14
3465 0.1405
3470 0.141
3475 0.1415
3480 0.1421
3485 0.1426
3490 0.1431
3495 0.1436
3500 0.1442
3505 0.1447
3510 0.1452
3515 0.1457
3520 0.1461
3525 0.1466
3530 0.147
3535 0.1475
3540 0.1479
3545 0.1482
3550 0.1486
3555 0.1489
3560 0.1492
3565 0.1494
3570 0.1496
3575 0.1498
3580 0.1499
3585 0.15
3590 0.1501
3595 0.1501
3600 0.1501
3605 0.15
3610 0.1499
3615 0.1497
3620 0.1495
3625 0.1492
3630 0.1489
3635 0.1486
3640 0.1482
3645 0.1478
3650 0.1474
3655 0.147
3660 0.1465
3665 0.146
3670 0.1454
3675 0.1449
3680 0.1443
3685 0.1437
3690 0.1432
3695 0.1426
3700 0.142
3705 0.1414
3710 0.1408
3715 0.1403
3720 0.1397
3725 0.1391
3730 0.1386
3735 0.1381
3740 0.1375
3745 0.137
3750 0.1366
3755 0.1361
3760 0.1357
3765 0.1353
3770 0.1349
3775 0.1345
3780 0.1342
3785 0.1338
3790 0.1336
3795 0.1333
3800 0.1331
3805 0.1329
3810 0.1327
3815 0.1325
3820 0.1324
3825 0.1323
3830 0.1323
3835 0.1322
3840 0.1322
3845 0.1322
3850 0.1323
3855 0.1324
3860 0.1325
3865 0.1326
3870 0.1327
3875 0.1329
3880 0.1331
3885 0.1334
3890 0.1336
3895 0.1339
3900 0.1341
3905 0.1344
3910 0.1348
3915 0.1351
3920 0.1354
3925 0.1358
3930 0.1361
3935 0.1365
3940 0.1368
3945 0.1372
3950 0.1375
3955 0.1379
3960 0.1382
3965 0.1385
3970 0.1388
3975 0.1391
3980 0.1394
3985 0.1397
3990 0.14
3995 0.1402
