0 -0.0
5 -0.0
10 0.0
15 0.0001
20 0.0002
25 0.0004
30 0.0006
35 0.0008
40 0.0011
45 0.0013
50 0.0017
55 0.002
60 0.0024
65 0.0028
70 0.0033
75 0.0038
80 0.0043
85 0.0049
90 0.0055
95 0.0061
100 0.0067
105 0.0074
110 0.0082
115 0.0089
120 0.0097
125 0.0105
130 0.0114
135 0.0123
140 0.0132
145 0.0142
150 0.0152
155 0.0162
160 0.0173
165 0.0184
170 0.0196
175 0.0207
180 0.022
185 0.0232
190 0.0245
195 0.0258
200 0.0271
205 0.0285
210 0.0299
215 0.0314
220 0.0329
225 0.0344
230 0.036
235 0.0376
240 0.0392
245 0.0409
250 0.0426
255 0.0443
260 0.0461
265 0.0479
270 0.0497
275 0.0516
280 0.0535
285 0.0555
290 0.0575
295 0.0595
300 0.0616
305 0.0637
310 0.0658
315 0.068
320 0.0702
325 0.0724
330 0.0747
335 0.077
340 0.0794
345 0.0818
350 0.0842
355 0.0867
360 0.0892
365 0.0917
370 0.0943
375 0.0969
380 0.0995
385 0.1022
390 0.1049
395 0.1077
400 0.1105
405 0.1133
410 0.1162
415 0.1191
420 0.122
425 0.125
430 0.128
435 0.1311
440 0.1341
445 0.1373
450 0.1404
455 0.1436
460 0.1468
465 0.1501
470 0.1534
475 0.1567
480 0.1601
485 0.1635
490 0.1669
495 0.1704
500 0.1739
505 0.1774
510 0.181
515 0.1846
520 0.1883
525 0.1919
530 0.1956
535 0.1993
540 0.2031
545 0.2069
550 0.2107
555 0.2146
560 0.2184
565 0.2223
570 0.2262
575 0.2302
580 0.2341
585 0.2381
590 0.2421
595 0.2606
600 0.2647
605 0.2689
610 0.273
615 0.2771
620 0.2813
625 0.2855
630 0.2897
635 0.2938
640 0.298
645 0.3022
650 0.3064
655 0.3106
660 0.3148
665 0.3189
670 0.3231
675 0.3273
680 0.3314
685 0.3355
690 0.3396
695 0.3437
700 0.3477
705 0.3517
710 0.3557
715 0.3597
720 0.3636
725 0.3674
730 0.3713
735 0.375
740 0.3788
745 0.3825
750 0.3861
755 0.3897
760 0.3932
765 0.3966
770 0.4
775 0.4033
780 0.4066
785 0.4098
790 0.4129
795 0.416
800 0.4189
805 0.4218
810 0.4246
815 0.4274
820 0.4301
825 0.4326
830 0.4351
835 0.4376
840 0.4399
845 0.4421
850 0.4443
855 0.4464
860 0.4484
865 0.4503
870 0.458
875 0.4598
880 0.4616
885 0.4632
890 0.4648
895 0.4663
900 0.4677
905 0.4691
910 0.4704
915 0.4716
920 0.4728
925 0.4738
930 0.4749
935 0.4758
940 0.4767
945 0.4775
950 0.4783
955 0.479
960 0.4797
965 0.4803
970 0.4808
975 0.4814
980 0.4818
985 0.4823
990 0.4827
995 0.483
1000 0.4833
1005 0.4836
1010 0.4838
1015 0.484
1020 0.4842
1025 0.4843
1030 0.4844
1035 0.4845
1040 0.4846
1045 0.4846
1050 0.4846
1055 0.4846
1060 0.4846
1065 0.4845
1070 0.4841
1075 0.484
1080 0.4839
1085 0.4837
1090 0.4836
1095 0.4834
1100 0.4831
1105 0.4829
1110 0.4827
1115 0.4824
1120 0.4821
1125 0.4818
1130 0.4814
1135 0.4811
1140 0.4807
1145 0.4803
1150 0.4799
1155 0.4795
1160 0.479
1165 0.4785
1170 0.4781
1175 0.4775
1180 0.477
1185 0.4765
1190 0.4759
1195 0.4753
1200 0.4747
1205 0.4741
1210 0.4734
1215 0.4728
1220 0.4721
1225 0.4714
1230 0.4707
1235 0.47
1240 0.4693
1245 0.4685
1250 0.4678
1255 0.467
1260 0.4663
1265 0.4655
1270 0.4647
1275 0.4639
1280 0.4631
1285 0.4624
1290 0.4616
1295 0.4608
1300 0.46
1305 0.4592
1310 0.4584
1315 0.4576
1320 0.4569
1325 0.4561
1330 0.4553
1335 0.4545
1340 0.4538
1345 0.453
1350 0.4523
1355 0.4516
1360 0.4508
1365 0.4501
1370 0.4494
1375 0.4487
1380 0.448
1385 0.4473
1390 0.4466
1395 0.446
1400 0.4453
1405 0.4447
1410 0.4441
1415 0.4435
1420 0.4429
1425 0.4423
1430 0.4475
1435 0.4471
1440 0.4467
1445 0.4464
1450 0.446
1455 0.4457
1460 0.4453
1465 0.445
1470 0.4447
1475 0.4444
1480 0.4441
1485 0.4438
1490 0.4435
1495 0.4432
1500 0.443
1505 0.4427
1510 0.4425
1515 0.4423
1520 0.4421
1525 0.4419
1530 0.4417
1535 0.4415
1540 0.4413
1545 0.4412
1550 0.4411
1555 0.4409
1560 0.4408
1565 0.4407
1570 0.4406
1575 0.4404
1580 0.4403
1585 0.4402
1590 0.4332
1595 0.4332
1600 0.4331
1605 0.4331
1610 0.433
1615 0.4329
1620 0.4328
1625 0.4327
1630 0.4325
1635 0.4323
1640 0.4322
1645 0.4319
1650 0.4317
1655 0.4315
1660 0.4312
1665 0.4309
1670 0.4306
1675 0.4303
1680 0.4299
1685 0.4296
1690 0.4292
1695 0.4288
1700 0.4285
1705 0.4281
1710 0.4277
1715 0.4273
1720 0.4269
1725 0.4265
1730 0.4261
1735 0.4258
1740 0.4254
1745 0.4251
1750 0.4247
1755 0.4244
1760 0.4241
1765 0.4239
1770 0.4205
1775 0.4203
1780 0.4202
1785 0.42
1790 0.4199
1795 0.4199
1800 0.4198
1805 0.4198
1810 0.4198
1815 0.4198
1820 0.4199
1825 0.4199
1830 0.42
1835 0.4201
1840 0.4202
1845 0.4203
1850 0.4204
1855 0.4205
1860 0.4206
1865 0.4207
1870 0.4208
1875 0.4208
1880 0.4209
1885 0.421
1890 0.4211
1895 0.4211
1900 0.4212
1905 0.4212
1910 0.4212
1915 0.4212
1920 0.4212
1925 0.4212
1930 0.4212
1935 0.4212
1940 0.4211
1945 0.4211
1950 0.421
1955 0.4209
1960 0.4208
1965 0.4207
1970 0.4206
1975 0.4205
1980 0.4204
1985 0.4202
1990 0.4201
1995 0.42
2000 0.4199
2005 0.4197
2010 0.4196
2015 0.4195
2020 0.4194
2025 0.4193
2030 0.4192
2035 0.4191
2040 0.419
2045 0.419
2050 0.4189
2055 0.4188
2060 0.4188
2065 0.4188
2070 0.4187
2075 0.4187
2080 0.4187
2085 0.4187
2090 0.4187
2095 0.4187
2100 0.4266
2105 0.4268
2110 0.427
2115 0.4272
2120 0.4275
2125 0.4277
2130 0.4279
2135 0.4281
2140 0.4283
2145 0.4285
2150 0.4287
2155 0.429
2160 0.4292
2165 0.4294
2170 0.4296
2175 0.4298
2180 0.4301
2185 0.4303
2190 0.4305
2195 0.4308
2200 0.431
2205 0.4313
2210 0.4316
2215 0.4319
2220 0.4322
2225 0.4324
2230 0.4327
2235 0.4305
2240 0.4309
2245 0.4313
2250 0.4317
2255 0.4321
2260 0.4325
2265 0.4329
2270 0.4333
2275 0.4337
2280 0.4341
2285 0.4345
2290 0.4349
2295 0.4353
2300 0.4357
2305 0.4361
2310 0.4365
2315 0.4369
2320 0.4372
2325 0.4376
2330 0.438
2335 0.4383
2340 0.4387
2345 0.439
2350 0.4394
2355 0.4397
2360 0.44
2365 0.4403
2370 0.4405
2375 0.4408
2380 0.441
2385 0.4412
2390 0.4414
2395 0.4416
2400 0.4417
2405 0.4418
2410 0.4419
2415 0.442
2420 0.442
2425 0.442
2430 0.442
2435 0.442
2440 0.442
2445 0.4419
2450 0.4419
2455 0.4418
2460 0.4417
2465 0.4416
2470 0.4415
2475 0.4414
2480 0.4413
2485 0.4411
2490 0.441
2495 0.4409
2500 0.4408
2505 0.4406
2510 0.4405
2515 0.4404
2520 0.4403
2525 0.4402
2530 0.4401
2535 0.44
2540 0.4399
2545 0.4398
2550 0.4397
2555 0.4397
2560 0.4396
2565 0.4396
2570 0.4395
2575 0.4395
2580 0.4394
2585 0.4394
2590 0.4394
2595 0.4394
2600 0.4394
2605 0.4395
2610 0.4395
2615 0.4395
2620 0.4396
2625 0.4396
2630 0.4397
2635 0.4397
2640 0.4398
2645 0.4399
2650 0.44
2655 0.4401
2660 0.4402
2665 0.4403
2670 0.4404
2675 0.4406
2680 0.4407
2685 0.4408
2690 0.441
2695 0.4412
2700 0.4413
2705 0.4415
2710 0.4417
2715 0.4419
2720 0.4421
2725 0.4424
2730 0.4426
2735 0.4428
2740 0.4431
2745 0.4433
2750 0.4436
2755 0.4438
2760 0.4441
2765 0.4444
2770 0.4446
2775 0.4449
2780 0.4452
2785 0.4455
2790 0.4458
2795 0.446
2800 0.4463
2805 0.4466
2810 0.4469
2815 0.4472
2820 0.4475
2825 0.4477
2830 0.448
2835 0.4482
2840 0.4485
2845 0.4487
2850 0.449
2855 0.4492
2860 0.4494
2865 0.4496
2870 0.4498
2875 0.45
2880 0.4501
2885 0.4503
2890 0.4504
2895 0.4505
2900 0.4507
2905 0.4508
2910 0.4508
2915 0.4509
2920 0.451
2925 0.451
2930 0.4511
2935 0.4511
2940 0.4511
2945 0.4511
2950 0.4512
2955 0.4511
2960 0.4511
2965 0.4511
2970 0.451
2975 0.451
2980 0.4509
2985 0.4509
2990 0.4508
2995 0.4507
3000 0.4506
3005 0.4505
3010 0.4504
3015 0.4502
3020 0.4474
3025 0.4472
3030 0.447
3035 0.4468
3040 0.4466
3045 0.4464
3050 0.4462
3055 0.4459
3060 0.4457
3065 0.4454
3070 0.4452
3075 0.4449
3080 0.4446
3085 0.4443
3090 0.4441
3095 0.4438
3100 0.4435
3105 0.4431
3110 0.4428
3115 0.4425
3120 0.4422
3125 0.4419
3130 0.4416
3135 0.4413
3140 0.4409
3145 0.4406
3150 0.4403
3155 0.44
3160 0.4397
3165 0.4394
3170 0.4391
3175 0.4388
3180 0.4385
3185 0.4382
3190 0.4379
3195 0.4376
3200 0.4373
3205 0.437
3210 0.4367
3215 0.4364
3220 0.4361
3225 0.4358
3230 0.4356
3235 0.4353
3240 0.435
3245 0.4348
3250 0.4346
3255 0.4344
3260 0.4342
3265 0.434
3270 0.4339
3275 0.4338
3280 0.4336
3285 0.4336
3290 0.4336
3295 0.4335
3300 0.4336
3305 0.4336
3310 0.4337
3315 0.4338
3320 0.4339
3325 0.434
3330 0.4341
3335 0.4343
3340 0.4345
3345 0.4346
3350 0.4348
3355 0.435
3360 0.4351
3365 0.4353
3370 0.4354
3375 0.4356
3380 0.4357
3385 0.4358
3390 0.4358
3395 0.4359
3400 0.4359
3405 0.4359
3410 0.4359
3415 0.4359
3420 0.4358
3425 0.4357
3430 0.4356
3435 0.4354
3440 0.4353
3445 0.4351
3450 0.4349
3455 0.4347
3460 0.4345
3465 0.4342
3470 0.434
3475 0.4338
3480 0.4335
3485 0.4333
3490 0.433
3495 0.4328
3500 0.4325
3505 0.4323
3510 0.4321
3515 0.4319
3520 0.4317
3525 0.4315
3530 0.4313
3535 0.4311
3540 0.4309
3545 0.4308
3550 0.4307
3555 0.4306
3560 0.4305
3565 0.4304
3570 0.4303
3575 0.4294
3580 0.4293
3585 0.4293
3590 0.4293
3595 0.4293
3600 0.4293
3605 0.4293
3610 0.4293
3615 0.4294
3620 0.4294
3625 0.4295
3630 0.4295
3635 0.4296
3640 0.4296
3645 0.4297
3650 0.4297
3655 0.4297
3660 0.4297
3665 0.4297
3670 0.4296
3675 0.4296
3680 0.4295
3685 0.4294
3690 0.4292
3695 0.4291
3700 0.4289
3705 0.4288
3710 0.4286
3715 0.4284
3720 0.4282
3725 0.4279
3730 0.4277
3735 0.4275
3740 0.4273
3745 0.427
3750 0.4268
3755 0.4266
3760 0.4263
3765 0.4261
3770 0.4259
3775 0.4256
3780 0.4254
3785 0.4252
3790 0.425
3795 0.4248
3800 0.4246
3805 0.4244
3810 0.4242
3815 0.424
3820 0.4238
3825 0.4236
3830 0.4234
3835 0.4233
3840 0.4231
3845 0.423
3850 0.4228
3855 0.4227
3860 0.4226
3865 0.4224
3870 0.4223
3875 0.4222
3880 0.4221
3885 0.422
3890 0.4219
3895 0.4218
3900 0.4218
3905 0.4217
3910 0.4216
3915 0.4215
3920 0.4215
3925 0.4214
3930 0.4213
3935 0.4212
3940 0.4212
3945 0.4211
3950 0.421
3955 0.421
3960 0.4209
3965 0.4208
3970 0.4207
3975 0.4207
3980 0.4206
3985 0.4205
3990 0.4204
3995 0.4203
