0 0.0181
5 0.0181
10 0.0181
15 0.0181
20 0.0181
25 0.0181
30 0.0181
35 0.0181
40 0.0181
45 0.0181
50 0.0181
55 0.0181
60 0.0181
65 0.0181
70 0.0181
75 0.0181
80 0.0182
85 0.0182
90 0.0182
95 0.0182
100 0.0182
105 0.0182
110 0.0182
115 0.0183
120 0.0183
125 0.0183
130 0.0183
135 0.0183
140 0.0184
145 0.0184
150 0.0184
155 0.0184
160 0.0185
165 0.0185
170 0.0185
175 0.0185
180 0.0186
185 0.0186
190 0.0186
195 0.0187
200 0.0187
205 0.0187
210 0.0188
215 0.0188
220 0.0188
225 0.0189
230 0.0189
235 0.0189
240 0.019
245 0.019
250 0.0191
255 0.0191
260 0.0191
265 0.0192
270 0.0192
275 0.0193
280 0.0193
285 0.0193
290 0.0194
295 0.0194
300 0.0195
305 0.0195
310 0.0196
315 0.0196
320 0.0197
325 0.0197
330 0.0198
335 0.0198
340 0.0199
345 0.0199
350 0.02
355 0.0201
360 0.0201
365 0.0202
370 0.0202
375 0.0203
380 0.0203
385 0.0204
390 0.0205
395 0.0205
400 0.0206
405 0.0207
410 0.0207
415 0.0208
420 0.0208
425 0.0209
430 0.021
435 0.021
440 0.0211
445 0.0212
450 0.0213
455 0.0213
460 0.0214
465 0.0215
470 0.0215
475 0.0216
480 0.0217
485 0.0218
490 0.0218
495 0.0219
500 0.022
505 0.0221
510 0.0221
515 0.0222
520 0.0223
525 0.0224
530 0.0225
535 0.0225
540 0.0226
545 0.0227
550 0.0228
555 0.0229
560 0.023
565 0.0231
570 0.0231
575 0.0232
580 0.0233
585 0.0234
590 0.0235
595 0.0236
600 0.0237
605 0.0238
610 0.0239
615 0.024
620 0.024
625 0.0241
630 0.0242
635 0.0243
640 0.0244
645 0.0245
650 0.0246
655 0.0247
660 0.0248
665 0.0249
670 0.025
675 0.0251
680 0.0252
685 0.0253
690 0.0254
695 0.0255
700 0.0256
705 0.0257
710 0.0258
715 0.0259
720 0.026
725 0.0261
730 0.0263
735 0.0264
740 0.0265
745 0.0266
750 0.0267
755 0.0268
760 0.0269
765 0.027
770 0.0271
775 0.0272
780 0.0274
785 0.0275
790 0.0276
795 0.0277
800 0.0278
805 0.0279
810 0.028
815 0.0282
820 0.0283
825 0.0284
830 0.0285
835 0.0286
840 0.0287
845 0.0289
850 0.029
855 0.0291
860 0.0292
865 0.0293
870 0.0295
875 0.0296
880 0.0297
885 0.0298
890 0.03
895 0.0301
900 0.0302
905 0.0303
910 0.0305
915 0.0306
920 0.0307
925 0.0308
930 0.031
935 0.0311
940 0.0312
945 0.0313
950 0.0315
955 0.0316
960 0.0317
965 0.0319
970 0.032
975 0.0321
980 0.0322
985 0.0324
990 0.0325
995 0.0326
1000 0.0328
1005 0.0329
1010 0.033
1015 0.0332
1020 0.0333
1025 0.0334
1030 0.0336
1035 0.0337
1040 0.0338
1045 0.034
1050 0.0341
1055 0.0343
1060 0.0344
1065 0.0345
1070 0.0347
1075 0.0348
1080 0.0349
1085 0.0351
1090 0.0352
1095 0.0353
1100 0.0355
1105 0.0356
1110 0.0358
1115 0.0359
1120 0.036
1125 0.0362
1130 0.0363
1135 0.0365
1140 0.0366
1145 0.0367
1150 0.0369
1155 0.037
1160 0.0372
1165 0.0373
1170 0.0374
1175 0.0376
1180 0.0377
1185 0.0379
1190 0.038
1195 0.0381
1200 0.0383
1205 0.0384
1210 0.0386
1215 0.0387
1220 0.0389
1225 0.039
1230 0.0391
1235 0.0393
1240 0.0394
1245 0.0396
1250 0.0397
1255 0.0398
1260 0.04
1265 0.0401
1270 0.0403
1275 0.0404
1280 0.0406
1285 0.0407
1290 0.0408
1295 0.041
1300 0.0411
1305 0.0413
1310 0.0414
1315 0.0416
1320 0.0417
1325 0.0418
1330 0.042
1335 0.0421
1340 0.0423
1345 0.0424
1350 0.0426
1355 0.0427
1360 0.0428
1365 0.043
1370 0.0431
1375 0.0433
1380 0.0434
1385 0.0435
1390 0.0437
1395 0.0438
1400 0.044
1405 0.0441
1410 0.0443
1415 0.0444
1420 0.0445
1425 0.0447
1430 0.0448
1435 0.045
1440 0.0451
1445 0.0452
1450 0.0454
1455 0.0455
1460 0.0457
1465 0.0458
1470 0.0459
1475 0.0461
1480 0.0462
1485 0.0463
1490 0.0465
1495 0.0466
1500 0.0468
1505 0.0469
1510 0.047
1515 0.0472
1520 0.0473
1525 0.0474
1530 0.0476
1535 0.0477
1540 0.0478
1545 0.048
1550 0.0481
1555 0.0482
1560 0.0484
1565 0.0485
1570 0.0486
1575 0.0488
1580 0.0489
1585 0.049
1590 0.0492
1595 0.0493
1600 0.0494
1605 0.0496
1610 0.0497
1615 0.0498
1620 0.0499
1625 0.0501
1630 0.0502
1635 0.0503
1640 0.0505
1645 0.0506
1650 0.0507
1655 0.0508
1660 0.051
1665 0.0511
1670 0.0512
1675 0.0513
1680 0.0514
1685 0.0516
1690 0.0517
1695 0.0518
1700 0.0519
1705 0.0521
1710 0.0522
1715 0.0523
1720 0.0524
1725 0.0525
1730 0.0526
1735 0.0528
1740 0.0529
1745 0.053
1750 0.0531
1755 0.0532
1760 0.0533
1765 0.0535
1770 0.0536
1775 0.0537
1780 0.0538
1785 0.0539
1790 0.054
1795 0.0541
1800 0.0542
1805 0.0543
1810 0.0544
1815 0.0545
1820 0.0547
1825 0.0548
1830 0.0549
1835 0.055
1840 0.0551
1845 0.0552
1850 0.0553
1855 0.0554
1860 0.0555
1865 0.0556
1870 0.0557
1875 0.0558
1880 0.0559
1885 0.056
1890 0.0561
1895 0.0562
1900 0.0563
1905 0.0564
1910 0.0565
1915 0.0565
1920 0.0566
1925 0.0567
1930 0.0568
1935 0.0731
1940 0.0732
1945 0.0732
1950 0.0732
1955 0.0732
1960 0.0733
1965 0.0733
1970 0.0733
1975 0.0733
1980 0.0733
1985 0.0733
1990 0.0734
1995 0.0734
2000 0.0734
2005 0.0734
2010 0.0734
2015 0.0734
2020 0.0734
2025 0.0734
2030 0.0734
2035 0.0735
2040 0.0735
2045 0.0735
2050 0.0735
2055 0.0735
2060 0.0735
2065 0.0735
2070 0.0735
2075 0.0735
2080 0.0735
2085 0.0735
2090 0.0735
2095 0.0735
2100 0.0735
2105 0.0735
2110 0.0735
2115 0.0735
2120 0.0734
2125 0.0734
2130 0.0734
2135 0.0734
2140 0.0734
2145 0.0734
2150 0.0734
2155 0.0734
2160 0.0734
2165 0.0733
2170 0.0733
2175 0.0733
2180 0.0733
2185 0.0733
2190 0.0733
2195 0.0732
2200 0.0732
2205 0.0732
2210 0.0732
2215 0.0732
2220 0.0731
2225 0.0731
2230 0.0731
2235 0.0731
2240 0.073
2245 0.073
2250 0.073
2255 0.0729
2260 0.0729
2265 0.0729
2270 0.0729
2275 0.0728
2280 0.0728
2285 0.0728
2290 0.0727
2295 0.0727
2300 0.0727
2305 0.0726
2310 0.0726
2315 0.0726
2320 0.0725
2325 0.0725
2330 0.0725
2335 0.0724
2340 0.0724
2345 0.0724
2350 0.0723
2355 0.0723
2360 0.0722
2365 0.0722
2370 0.0722
2375 0.0721
2380 0.0721
2385 0.072
2390 0.072
2395 0.072
2400 0.0719
2405 0.0719
2410 0.0718
2415 0.0718
2420 0.0717
2425 0.0717
2430 0.0717
2435 0.0716
2440 0.0716
2445 0.0715
2450 0.0715
2455 0.0714
2460 0.0714
2465 0.0713
2470 0.0713
2475 0.0713
2480 0.0712
2485 0.0712
2490 0.0711
2495 0.0711
2500 0.071
2505 0.071
2510 0.0709
2515 0.0709
2520 0.0708
2525 0.0708
2530 0.0707
2535 0.0707
2540 0.0707
2545 0.0706
2550 0.0706
2555 0.0705
2560 0.0705
2565 0.0704
2570 0.0704
2575 0.0703
2580 0.0703
2585 0.0702
2590 0.0702
2595 0.0702
2600 0.0701
2605 0.0701
2610 0.07
2615 0.07
2620 0.0699
2625 0.0699
2630 0.0699
2635 0.0698
2640 0.0698
2645 0.0697
2650 0.0697
2655 0.0697
2660 0.0696
2665 0.0696
2670 0.0696
2675 0.0695
2680 0.0695
2685 0.0694
2690 0.0694
2695 0.0694
2700 0.0693
2705 0.0693
2710 0.0693
2715 0.0692
2720 0.0692
2725 0.0692
2730 0.0691
2735 0.0691
2740 0.0691
2745 0.0691
2750 0.069
2755 0.069
2760 0.069
2765 0.069
2770 0.0689
2775 0.0689
2780 0.0689
2785 0.0689
2790 0.0689
2795 0.0688
2800 0.0688
2805 0.0688
2810 0.0688
2815 0.0688
2820 0.0688
2825 0.0687
2830 0.0687
2835 0.0687
2840 0.0687
2845 0.0687
2850 0.0687
2855 0.0687
2860 0.0687
2865 0.0687
2870 0.0687
2875 0.0687
2880 0.0687
2885 0.0687
2890 0.0687
2895 0.0687
2900 0.0687
2905 0.0687
2910 0.0687
2915 0.0687
2920 0.0687
2925 0.0688
2930 0.0688
2935 0.0688
2940 0.0688
2945 0.0688
2950 0.0689
2955 0.0689
2960 0.0689
2965 0.0689
2970 0.069
2975 0.069
2980 0.069
2985 0.069
2990 0.0691
2995 0.0691
3000 0.0692
3005 0.0692
3010 0.0692
3015 0.0693
3020 0.0693
3025 0.0694
3030 0.0694
3035 0.0695
3040 0.0695
3045 0.0696
3050 0.0697
3055 0.0697
3060 0.0698
3065 0.0698
3070 0.0699
3075 0.07
3080 0.07
3085 0.0701
3090 0.0702
3095 0.0703
3100 0.0704
3105 0.0704
3110 0.0705
3115 0.0706
3120 0.0707
3125 0.0708
3130 0.0709
3135 0.071
3140 0.0711
3145 0.0712
3150 0.0713
3155 0.0714
3160 0.0715
3165 0.0716
3170 0.0717
3175 0.0719
3180 0.072
3185 0.0721
3190 0.0722
3195 0.0724
3200 0.0725
3205 0.0726
3210 0.0728
3215 0.0729
3220 0.0731
3225 0.0732
3230 0.0734
3235 0.0735
3240 0.0737
3245 0.0739
3250 0.074
3255 0.0742
3260 0.0744
3265 0.0746
3270 0.0748
3275 0.075
3280 0.0751
3285 0.0753
3290 0.0755
3295 0.0758
3300 0.076
3305 0.0762
3310 0.0764
3315 0.0766
3320 0.0769
3325 0.0771
3330 0.0773
3335 0.0776
3340 0.0778
3345 0.0781
3350 0.0783
3355 0.0786
3360 0.0789
3365 0.0792
3370 0.0795
3375 0.0797
3380 0.08
3385 0.0803
3390 0.0807
3395 0.081
3400 0.0813
3405 0.0816
3410 0.082
3415 0.0823
3420 0.0827
3425 0.0831
3430 0.0834
3435 0.0838
3440 0.0842
3445 0.0846
3450 0.085
3455 0.0854
3460 0.0859
3465 0.0863
3470 0.0867
3475 0.0872
3480 0.0877
3485 0.0882
3490 0.0887
3495 0.0892
3500 0.0897
3505 0.0902
3510 0.0908
3515 0.0913
3520 0.0919
3525 0.0925
3530 0.0931
3535 0.0937
3540 0.0943
3545 0.095
3550 0.0956
3555 0.0963
3560 0.097
3565 0.0977
3570 0.0984
3575 0.0992
3580 0.0999
3585 0.1007
3590 0.1015
3595 0.1023
3600 0.1031
3605 0.104
3610 0.1048
3615 0.1057
3620 0.1065
3625 0.1074
3630 0.1083
3635 0.1091
3640 0.11
3645 0.1109
3650 0.1118
3655 0.1126
3660 0.1135
3665 0.1143
3670 0.1151
3675 0.1159
3680 0.1167
3685 0.1174
3690 0.1181
3695 0.1187
3700 0.1193
3705 0.1199
3710 0.1204
3715 0.1209
3720 0.1214
3725 0.1217
3730 0.1221
3735 0.1224
3740 0.1227
3745 0.1229
3750 0.1231
3755 0.1232
3760 0.1234
3765 0.1235
3770 0.1235
3775 0.1236
3780 0.1236
3785 0.1237
3790 0.1237
3795 0.1237
3800 0.1237
3805 0.1236
3810 0.1236
3815 0.1236
3820 0.1236
3825 0.1236
3830 0.1236
3835 0.1235
3840 0.1235
3845 0.1235
3850 0.1235
3855 0.1235
3860 0.1235
3865 0.1236
3870 0.1236
3875 0.1236
3880 0.1237
3885 0.1237
3890 0.1238
3895 0.1239
3900 0.1239
3905 0.124
3910 0.1241
3915 0.1242
3920 0.1243
3925 0.1245
3930 0.1246
3935 0.1247
3940 0.1249
3945 0.125
3950 0.1252
3955 0.1254
3960 0.1256
3965 0.1257
3970 0.1259
3975 0.1262
3980 0.1264
3985 0.1266
3990 0.1268
3995 0.1271
