0 0.0123
5 0.0123
10 0.0124
15 0.0124
20 0.0124
25 0.0124
30 0.0125
35 0.0126
40 0.0126
45 0.0127
50 0.0128
55 0.0129
60 0.013
65 0.0131
70 0.0132
75 0.0134
80 0.0135
85 0.0136
90 0.0138
95 0.014
100 0.0142
105 0.0143
110 0.0145
115 0.0147
120 0.015
125 0.0152
130 0.0154
135 0.0157
140 0.0159
145 0.0162
150 0.0164
155 0.0167
160 0.017
165 0.0173
170 0.0176
175 0.0179
180 0.0182
185 0.0186
190 0.0189
195 0.0193
200 0.0196
205 0.02
210 0.0204
215 0.0208
220 0.0212
225 0.0216
230 0.022
235 0.0224
240 0.0229
245 0.0233
250 0.0238
255 0.0242
260 0.0247
265 0.0252
270 0.0257
275 0.0262
280 0.0267
285 0.0272
290 0.0277
295 0.0283
300 0.0288
305 0.0294
310 0.0299
315 0.0305
320 0.0311
325 0.0317
330 0.0323
335 0.0329
340 0.0335
345 0.0342
350 0.0348
355 0.0355
360 0.0361
365 0.0368
370 0.0375
375 0.0382
380 0.0389
385 0.0396
390 0.0403
395 0.041
400 0.0418
405 0.0425
410 0.0433
415 0.044
420 0.0448
425 0.0456
430 0.0464
435 0.0472
440 0.048
445 0.0488
450 0.0497
455 0.0505
460 0.0513
465 0.0522
470 0.0531
475 0.054
480 0.0548
485 0.0557
490 0.0567
495 0.0576
500 0.0585
505 0.0594
510 0.0604
515 0.0613
520 0.0623
525 0.0633
530 0.0643
535 0.0653
540 0.0663
545 0.0673
550 0.0683
555 0.0693
560 0.0704
565 0.0714
570 0.0725
575 0.0736
580 0.0746
585 0.0757
590 0.0768
595 0.0779
600 0.0791
605 0.0802
610 0.0813
615 0.0825
620 0.0836
625 0.0848
630 0.086
635 0.0872
640 0.0884
645 0.0896
650 0.0908
655 0.092
660 0.0932
665 0.0945
670 0.0957
675 0.097
680 0.0983
685 0.0995
690 0.1008
695 0.1021
700 0.1035
705 0.1048
710 0.1061
715 0.1074
720 0.1088
725 0.1102
730 0.1115
735 0.1129
740 0.1143
745 0.1157
750 0.1171
755 0.1185
760 0.1199
765 0.1214
770 0.1275
775 0.1289
780 0.1304
785 0.1319
790 0.1333
795 0.1348
800 0.1363
805 0.1379
810 0.1394
815 0.1409
820 0.1425
825 0.144
830 0.1456
835 0.1472
840 0.1488
845 0.1504
850 0.152
855 0.1536
860 0.1553
865 0.1569
870 0.1586
875 0.1603
880 0.162
885 0.1637
890 0.1654
895 0.1671
900 0.1689
905 0.1706
910 0.1724
915 0.1742
920 0.176
925 0.1778
930 0.1796
935 0.1815
940 0.1833
945 0.1852
950 0.1871
955 0.189
960 0.1909
965 0.1928
970 0.1947
975 0.1967
980 0.1986
985 0.2006
990 0.2026
995 0.2046
1000 0.2066
1005 0.2087
1010 0.2107
1015 0.2128
1020 0.2148
1025 0.2169
1030 0.219
1035 0.2211
1040 0.2231
1045 0.2252
1050 0.2273
1055 0.2294
1060 0.2315
1065 0.2336
1070 0.2356
1075 0.2377
1080 0.2397
1085 0.2418
1090 0.2438
1095 0.2458
1100 0.2478
1105 0.2498
1110 0.2517
1115 0.2537
1120 0.2556
1125 0.2575
1130 0.2594
1135 0.2613
1140 0.2632
1145 0.2651
1150 0.2669
1155 0.2688
1160 0.2707
1165 0.2725
1170 0.2744
1175 0.2763
1180 0.2782
1185 0.2801
1190 0.282
1195 0.2839
1200 0.2859
1205 0.2879
1210 0.2899
1215 0.2919
1220 0.2939
1225 0.296
1230 0.2981
1235 0.3002
1240 0.3024
1245 0.3045
1250 0.3067
1255 0.3089
1260 0.3111
1265 0.3134
1270 0.3156
1275 0.3179
1280 0.3202
1285 0.3224
1290 0.3247
1295 0.327
1300 0.3293
1305 0.3315
1310 0.3338
1315 0.336
1320 0.3382
1325 0.3404
1330 0.3426
1335 0.3447
1340 0.3467
1345 0.3487
1350 0.3507
1355 0.3526
1360 0.3545
1365 0.3563
1370 0.358
1375 0.3597
1380 0.3613
1385 0.3628
1390 0.3643
1395 0.3657
1400 0.367
1405 0.3683
1410 0.3695
1415 0.3706
1420 0.3716
1425 0.3726
1430 0.3736
1435 0.3744
1440 0.3752
1445 0.376
1450 0.3767
1455 0.3773
1460 0.3779
1465 0.3784
1470 0.3788
1475 0.3793
1480 0.3796
1485 0.38
1490 0.3803
1495 0.3806
1500 0.3808
1505 0.381
1510 0.3812
1515 0.3814
1520 0.3815
1525 0.3817
1530 0.3818
1535 0.382
1540 0.3821
1545 0.3823
1550 0.3824
1555 0.3826
1560 0.3828
1565 0.383
1570 0.3832
1575 0.3834
1580 0.3837
1585 0.3839
1590 0.3842
1595 0.3845
1600 0.3849
1605 0.3852
1610 0.3856
1615 0.3859
1620 0.3863
1625 0.4077
1630 0.4083
1635 0.4089
1640 0.4094
1645 0.41
1650 0.4106
1655 0.4111
1660 0.4117
1665 0.4122
1670 0.4127
1675 0.4131
1680 0.4135
1685 0.4139
1690 0.4142
1695 0.4144
1700 0.4146
1705 0.4148
1710 0.4149
1715 0.415
1720 0.4149
1725 0.4149
1730 0.4148
1735 0.4146
1740 0.4143
1745 0.4141
1750 0.4137
1755 0.4133
1760 0.4129
1765 0.4124
1770 0.4119
1775 0.4113
1780 0.4107
1785 0.395
1790 0.3944
1795 0.3937
1800 0.393
1805 0.3923
1810 0.3916
1815 0.3908
1820 0.39
1825 0.3891
1830 0.3883
1835 0.3874
1840 0.3865
1845 0.3855
1850 0.3845
1855 0.3835
1860 0.3824
1865 0.3814
1870 0.3802
1875 0.3791
1880 0.3779
1885 0.3767
1890 0.3754
1895 0.3741
1900 0.3727
1905 0.3713
1910 0.3699
1915 0.3685
1920 0.367
1925 0.3654
1930 0.3639
1935 0.3623
1940 0.3607
1945 0.3591
1950 0.3574
1955 0.3558
1960 0.3541
1965 0.3525
1970 0.3509
1975 0.3493
1980 0.3477
1985 0.3461
1990 0.3446
1995 0.3431
2000 0.3416
2005 0.3402
2010 0.3388
2015 0.3375
2020 0.3362
2025 0.3349
2030 0.3337
2035 0.3325
2040 0.3314
2045 0.3303
2050 0.3292
2055 0.3282
2060 0.3272
2065 0.3263
2070 0.3253
2075 0.3244
2080 0.3236
2085 0.3227
2090 0.3219
2095 0.3211
2100 0.3204
2105 0.3097
2110 0.3093
2115 0.3089
2120 0.3085
2125 0.3082
2130 0.3079
2135 0.3076
2140 0.3072
2145 0.3069
2150 0.3067
2155 0.3064
2160 0.3061
2165 0.3058
2170 0.3055
2175 0.3053
2180 0.305
2185 0.3047
2190 0.3045
2195 0.3042
2200 0.3039
2205 0.3036
2210 0.3033
2215 0.303
2220 0.3027
2225 0.3023
2230 0.3019
2235 0.3016
2240 0.3011
2245 0.3007
2250 0.3003
2255 0.2998
2260 0.2993
2265 0.2988
2270 0.2983
2275 0.2978
2280 0.2972
2285 0.2967
2290 0.2961
2295 0.2956
2300 0.295
2305 0.2945
2310 0.2939
2315 0.2934
2320 0.2928
2325 0.2923
2330 0.2918
2335 0.2913
2340 0.2908
2345 0.2904
2350 0.2899
2355 0.2895
2360 0.289
2365 0.2886
2370 0.2882
2375 0.2879
2380 0.2875
2385 0.2872
2390 0.2869
2395 0.2866
2400 0.2863
2405 0.286
2410 0.2858
2415 0.2856
2420 0.2854
2425 0.2852
2430 0.285
2435 0.2849
2440 0.2848
2445 0.2847
2450 0.2846
2455 0.2698
2460 0.2696
2465 0.2694
2470 0.2693
2475 0.2691
2480 0.269
2485 0.2688
2490 0.2687
2495 0.2686
2500 0.2685
2505 0.2685
2510 0.2684
2515 0.2684
2520 0.2683
2525 0.2683
2530 0.2683
2535 0.2683
2540 0.2682
2545 0.2682
2550 0.2682
2555 0.2682
2560 0.2681
2565 0.2681
2570 0.268
2575 0.268
2580 0.2679
2585 0.2678
2590 0.2678
2595 0.2677
2600 0.2675
2605 0.2674
2610 0.2673
2615 0.2671
2620 0.267
2625 0.2668
2630 0.2666
2635 0.2664
2640 0.2662
2645 0.266
2650 0.2658
2655 0.2657
2660 0.2655
2665 0.2653
2670 0.2651
2675 0.265
2680 0.2648
2685 0.2647
2690 0.2646
2695 0.2645
2700 0.2644
2705 0.2643
2710 0.2643
2715 0.2642
2720 0.2642
2725 0.2637
2730 0.2638
2735 0.264
2740 0.2641
2745 0.2643
2750 0.2646
2755 0.2648
2760 0.2651
2765 0.2654
2770 0.2657
2775 0.266
2780 0.2664
2785 0.2668
2790 0.2672
2795 0.2676
2800 0.2681
2805 0.2686
2810 0.2691
2815 0.2696
2820 0.2702
2825 0.2707
2830 0.2713
2835 0.2719
2840 0.2725
2845 0.2732
2850 0.2738
2855 0.2744
2860 0.2751
2865 0.2757
2870 0.2764
2875 0.277
2880 0.2777
2885 0.2784
2890 0.279
2895 0.2797
2900 0.2803
2905 0.2809
2910 0.2815
2915 0.2821
2920 0.2827
2925 0.2833
2930 0.2838
2935 0.2844
2940 0.2849
2945 0.2854
2950 0.2858
2955 0.2863
2960 0.2867
2965 0.287
2970 0.2874
2975 0.2877
2980 0.288
2985 0.2883
2990 0.2885
2995 0.2888
3000 0.289
3005 0.2892
3010 0.2893
3015 0.2895
3020 0.2897
3025 0.2898
3030 0.2899
3035 0.29
3040 0.2901
3045 0.2902
3050 0.2902
3055 0.2903
3060 0.2903
3065 0.2904
3070 0.2904
3075 0.2904
3080 0.2904
3085 0.2904
3090 0.2903
3095 0.2903
3100 0.2903
3105 0.2902
3110 0.2901
3115 0.2901
3120 0.29
3125 0.29
3130 0.2899
3135 0.2899
3140 0.2814
3145 0.2812
3150 0.281
3155 0.2809
3160 0.2807
3165 0.2807
3170 0.2806
3175 0.2806
3180 0.2806
3185 0.2807
3190 0.2808
3195 0.2809
3200 0.2811
3205 0.2813
3210 0.2816
3215 0.2818
3220 0.2821
3225 0.2825
3230 0.2828
3235 0.2832
3240 0.2836
3245 0.284
3250 0.2844
3255 0.2849
3260 0.2853
3265 0.2857
3270 0.2862
3275 0.2866
3280 0.287
3285 0.2874
3290 0.2878
3295 0.2882
3300 0.2886
3305 0.2889
3310 0.2893
3315 0.2896
3320 0.2899
3325 0.2901
3330 0.2903
3335 0.2905
3340 0.2907
3345 0.2909
3350 0.291
3355 0.2911
3360 0.2911
3365 0.2912
3370 0.2912
3375 0.2911
3380 0.2911
3385 0.291
3390 0.2909
3395 0.2907
3400 0.2918
3405 0.2916
3410 0.2914
3415 0.2912
3420 0.2909
3425 0.2906
3430 0.2903
3435 0.2899
3440 0.2896
3445 0.2891
3450 0.2887
3455 0.2882
3460 0.2877
3465 0.2872
3470 0.2866
3475 0.286
3480 0.2853
3485 0.2847
3490 0.2839
3495 0.2832
3500 0.2824
3505 0.2815
3510 0.2807
3515 0.2798
3520 0.2788
3525 0.2778
3530 0.2768
3535 0.2757
3540 0.2747
3545 0.2735
3550 0.2724
3555 0.2712
3560 0.2701
3565 0.2689
3570 0.2677
3575 0.2665
3580 0.2653
3585 0.2641
3590 0.2629
3595 0.2617
3600 0.2606
3605 0.2594
3610 0.2583
3615 0.2572
3620 0.2561
3625 0.2551
3630 0.254
3635 0.253
3640 0.2521
3645 0.2511
3650 0.2502
3655 0.2493
3660 0.2484
3665 0.2475
3670 0.2467
3675 0.2459
3680 0.2451
3685 0.2443
3690 0.2435
3695 0.2427
3700 0.242
3705 0.2412
3710 0.2405
3715 0.2397
3720 0.239
3725 0.2382
3730 0.2375
3735 0.2368
3740 0.2361
3745 0.2354
3750 0.2347
3755 0.234
3760 0.2333
3765 0.2327
3770 0.232
3775 0.2314
3780 0.2308
3785 0.2303
3790 0.2298
3795 0.2292
3800 0.2288
3805 0.2283
3810 0.2279
3815 0.2275
3820 0.2271
3825 0.2268
3830 0.2265
3835 0.2262
3840 0.226
3845 0.2257
3850 0.2255
3855 0.2254
3860 0.2252
3865 0.2251
3870 0.225
3875 0.2249
3880 0.2249
3885 0.2248
3890 0.2248
3895 0.2248
3900 0.2248
3905 0.2249
3910 0.2249
3915 0.2249
3920 0.225
3925 0.2251
3930 0.2252
3935 0.2253
3940 0.2254
3945 0.2255
3950 0.2256
3955 0.2257
3960 0.2258
3965 0.2259
3970 0.226
3975 0.2261
3980 0.2263
3985 0.2264
3990 0.2265
3995 0.2266
