0 0.0136
5 0.0136
10 0.0137
15 0.0137
20 0.0138
25 0.0138
30 0.0139
35 0.014
40 0.0142
45 0.0143
50 0.0144
55 0.0146
60 0.0148
65 0.015
70 0.0152
75 0.0154
80 0.0157
85 0.016
90 0.0162
95 0.0165
100 0.0169
105 0.0172
110 0.0175
115 0.0179
120 0.0183
125 0.0187
130 0.0191
135 0.0195
140 0.02
145 0.0204
150 0.0209
155 0.0214
160 0.0219
165 0.0224
170 0.023
175 0.0235
180 0.0241
185 0.0247
190 0.0253
195 0.0259
200 0.0266
205 0.0272
210 0.0279
215 0.0286
220 0.0293
225 0.0301
230 0.0308
235 0.0316
240 0.0323
245 0.0331
250 0.0339
255 0.0348
260 0.0356
265 0.0365
270 0.0374
275 0.0383
280 0.0392
285 0.0401
290 0.0411
295 0.042
300 0.043
305 0.044
310 0.045
315 0.0461
320 0.0471
325 0.0482
330 0.0493
335 0.0504
340 0.0515
345 0.0527
350 0.0538
355 0.055
360 0.0562
365 0.0574
370 0.0586
375 0.0599
380 0.0612
385 0.0624
390 0.0638
395 0.0651
400 0.0664
405 0.0678
410 0.0692
415 0.0705
420 0.072
425 0.0734
430 0.0748
435 0.0763
440 0.0778
445 0.0793
450 0.0808
455 0.0824
460 0.0839
465 0.0855
470 0.0871
475 0.0887
480 0.0904
485 0.092
490 0.0937
495 0.0954
500 0.0971
505 0.0988
510 0.1006
515 0.1023
520 0.1041
525 0.1059
530 0.1077
535 0.1096
540 0.1114
545 0.1133
550 0.1152
555 0.1171
560 0.1191
565 0.121
570 0.123
575 0.125
580 0.127
585 0.1291
590 0.1311
595 0.1332
600 0.1353
605 0.1374
610 0.1395
615 0.1417
620 0.1438
625 0.146
630 0.1482
635 0.1504
640 0.1527
645 0.1549
650 0.1572
655 0.1595
660 0.1619
665 0.1642
670 0.1666
675 0.1689
680 0.1713
685 0.2007
690 0.2034
695 0.206
700 0.2087
705 0.2114
710 0.2141
715 0.2169
720 0.2196
725 0.2224
730 0.2252
735 0.228
740 0.2309
745 0.2338
750 0.2367
755 0.2396
760 0.2425
765 0.2455
770 0.2484
775 0.2514
780 0.2545
785 0.2575
790 0.2605
795 0.2636
800 0.2667
805 0.2698
810 0.2729
815 0.276
820 0.2792
825 0.2823
830 0.2855
835 0.2887
840 0.2918
845 0.295
850 0.2982
855 0.3013
860 0.3045
865 0.3077
870 0.3109
875 0.314
880 0.3172
885 0.3203
890 0.3234
895 0.3265
900 0.3296
905 0.3327
910 0.3358
915 0.3388
920 0.3418
925 0.3448
930 0.3478
935 0.3507
940 0.3536
945 0.3565
950 0.3602
955 0.363
960 0.3658
965 0.3686
970 0.3713
975 0.3739
980 0.3766
985 0.3792
990 0.3817
995 0.3842
1000 0.3867
1005 0.3891
1010 0.3915
1015 0.3938
1020 0.3961
1025 0.3983
1030 0.4005
1035 0.4027
1040 0.4048
1045 0.4069
1050 0.4089
1055 0.4108
1060 0.4128
1065 0.4147
1070 0.4165
1075 0.4183
1080 0.42
1085 0.4217
1090 0.4234
1095 0.425
1100 0.4266
1105 0.4282
1110 0.4297
1115 0.4311
1120 0.4326
1125 0.434
1130 0.4354
1135 0.4367
1140 0.438
1145 0.4393
1150 0.4405
1155 0.4417
1160 0.4429
1165 0.4441
1170 0.4452
1175 0.4463
1180 0.4474
1185 0.4485
1190 0.4495
1195 0.4505
1200 0.4515
1205 0.4525
1210 0.4534
1215 0.4543
1220 0.4552
1225 0.4561
1230 0.4569
1235 0.4577
1240 0.4585
1245 0.4592
1250 0.4599
1255 0.4606
1260 0.4613
1265 0.4619
1270 0.4625
1275 0.463
1280 0.4635
1285 0.464
1290 0.4644
1295 0.4648
1300 0.4652
1305 0.4655
1310 0.4658
1315 0.4661
1320 0.4664
1325 0.4666
1330 0.4668
1335 0.4669
1340 0.467
1345 0.4672
1350 0.4672
1355 0.4629
1360 0.4631
1365 0.4634
1370 0.4635
1375 0.4637
1380 0.4638
1385 0.464
1390 0.464
1395 0.4641
1400 0.4641
1405 0.4641
1410 0.464
1415 0.4639
1420 0.4638
1425 0.4637
1430 0.4635
1435 0.4633
1440 0.463
1445 0.4627
1450 0.4624
1455 0.462
1460 0.4616
1465 0.4612
1470 0.4607
1475 0.4602
1480 0.4597
1485 0.4591
1490 0.4585
1495 0.4579
1500 0.4573
1505 0.4566
1510 0.4559
1515 0.4552
1520 0.4586
1525 0.4578
1530 0.4571
1535 0.4563
1540 0.4555
1545 0.4547
1550 0.4539
1555 0.4531
1560 0.4522
1565 0.4514
1570 0.4506
1575 0.4497
1580 0.4489
1585 0.4481
1590 0.4473
1595 0.4465
1600 0.4457
1605 0.4449
1610 0.4442
1615 0.4435
1620 0.4428
1625 0.4421
1630 0.4415
1635 0.4409
1640 0.4403
1645 0.4398
1650 0.4392
1655 0.4387
1660 0.4383
1665 0.4378
1670 0.4374
1675 0.437
1680 0.4367
1685 0.4364
1690 0.4361
1695 0.4399
1700 0.4397
1705 0.4396
1710 0.4395
1715 0.4394
1720 0.4393
1725 0.4393
1730 0.4393
1735 0.4393
1740 0.4394
1745 0.4394
1750 0.4395
1755 0.4396
1760 0.4398
1765 0.44
1770 0.4402
1775 0.4404
1780 0.4406
1785 0.4409
1790 0.4412
1795 0.4415
1800 0.4419
1805 0.4422
1810 0.4426
1815 0.4429
1820 0.4433
1825 0.4437
1830 0.444
1835 0.4444
1840 0.4447
1845 0.4451
1850 0.4454
1855 0.4457
1860 0.4459
1865 0.4454
1870 0.4456
1875 0.4458
1880 0.4459
1885 0.446
1890 0.4461
1895 0.4461
1900 0.4461
1905 0.446
1910 0.4459
1915 0.4457
1920 0.4455
1925 0.4453
1930 0.445
1935 0.4447
1940 0.4444
1945 0.444
1950 0.4436
1955 0.4432
1960 0.4427
1965 0.4422
1970 0.4417
1975 0.4411
1980 0.4405
1985 0.4399
1990 0.4393
1995 0.4386
2000 0.438
2005 0.4373
2010 0.4366
2015 0.4358
2020 0.4351
2025 0.4344
2030 0.4356
2035 0.4348
2040 0.434
2045 0.4332
2050 0.4324
2055 0.4315
2060 0.4307
2065 0.4299
2070 0.4291
2075 0.4282
2080 0.4274
2085 0.4265
2090 0.4257
2095 0.4248
2100 0.424
2105 0.4231
2110 0.4222
2115 0.4214
2120 0.4205
2125 0.4196
2130 0.4188
2135 0.4179
2140 0.4171
2145 0.4163
2150 0.4155
2155 0.4147
2160 0.414
2165 0.4132
2170 0.4125
2175 0.4118
2180 0.4111
2185 0.4109
2190 0.4104
2195 0.4099
2200 0.4093
2205 0.4088
2210 0.4083
2215 0.4079
2220 0.4074
2225 0.4069
2230 0.4064
2235 0.4059
2240 0.4055
2245 0.405
2250 0.4045
2255 0.404
2260 0.4034
2265 0.4029
2270 0.4023
2275 0.4017
2280 0.4011
2285 0.4005
2290 0.3998
2295 0.3991
2300 0.3984
2305 0.3976
2310 0.3968
2315 0.396
2320 0.3952
2325 0.3943
2330 0.3934
2335 0.3925
2340 0.3915
2345 0.3905
2350 0.3895
2355 0.3884
2360 0.3873
2365 0.3862
2370 0.3851
2375 0.3839
2380 0.3827
2385 0.3815
2390 0.3803
2395 0.379
2400 0.3777
2405 0.3764
2410 0.3751
2415 0.3738
2420 0.3724
2425 0.3711
2430 0.3697
2435 0.3684
2440 0.367
2445 0.3656
2450 0.3642
2455 0.3629
2460 0.3615
2465 0.3602
2470 0.3631
2475 0.3616
2480 0.3601
2485 0.3587
2490 0.3572
2495 0.3558
2500 0.3544
2505 0.3531
2510 0.3517
2515 0.3504
2520 0.3492
2525 0.3479
2530 0.3467
2535 0.3456
2540 0.3445
2545 0.3434
2550 0.3423
2555 0.3414
2560 0.3404
2565 0.3395
2570 0.3386
2575 0.3378
2580 0.337
2585 0.3363
2590 0.3356
2595 0.3349
2600 0.3343
2605 0.3337
2610 0.3331
2615 0.3325
2620 0.332
2625 0.3315
2630 0.3311
2635 0.3306
2640 0.3302
2645 0.3298
2650 0.3294
2655 0.329
2660 0.3286
2665 0.3282
2670 0.3279
2675 0.3275
2680 0.3272
2685 0.3269
2690 0.3266
2695 0.3263
2700 0.326
2705 0.3257
2710 0.3255
2715 0.3253
2720 0.3251
2725 0.3249
2730 0.3247
2735 0.3246
2740 0.3245
2745 0.3245
2750 0.3244
2755 0.3244
2760 0.3245
2765 0.3245
2770 0.3246
2775 0.3248
2780 0.3249
2785 0.3252
2790 0.3254
2795 0.3257
2800 0.326
2805 0.3263
2810 0.3267
2815 0.3271
2820 0.3275
2825 0.3279
2830 0.3284
2835 0.3289
2840 0.3294
2845 0.3299
2850 0.3304
2855 0.3309
2860 0.3315
2865 0.332
2870 0.3325
2875 0.333
2880 0.3335
2885 0.334
2890 0.3345
2895 0.3317
2900 0.3322
2905 0.3327
2910 0.3331
2915 0.3336
2920 0.334
2925 0.3344
2930 0.3348
2935 0.3352
2940 0.3356
2945 0.3359
2950 0.3363
2955 0.3366
2960 0.3369
2965 0.3372
2970 0.3375
2975 0.3377
2980 0.338
2985 0.3382
2990 0.3384
2995 0.3387
3000 0.3389
3005 0.3391
3010 0.353
3015 0.3532
3020 0.3535
3025 0.3537
3030 0.3539
3035 0.3541
3040 0.3543
3045 0.3545
3050 0.3547
3055 0.3549
3060 0.355
3065 0.3552
3070 0.3553
3075 0.3554
3080 0.3556
3085 0.3557
3090 0.3558
3095 0.3559
3100 0.356
3105 0.356
3110 0.3561
3115 0.3562
3120 0.3563
3125 0.3563
3130 0.3564
3135 0.3564
3140 0.3565
3145 0.3565
3150 0.3565
3155 0.3565
3160 0.3565
3165 0.3564
3170 0.3564
3175 0.3563
3180 0.3562
3185 0.3561
3190 0.3559
3195 0.3558
3200 0.3556
3205 0.3553
3210 0.3551
3215 0.3548
3220 0.3545
3225 0.3541
3230 0.3537
3235 0.3533
3240 0.3528
3245 0.3523
3250 0.3518
3255 0.3512
3260 0.3506
3265 0.35
3270 0.3493
3275 0.3486
3280 0.3448
3285 0.3443
3290 0.3438
3295 0.3432
3300 0.3427
3305 0.3421
3310 0.3415
3315 0.3409
3320 0.3403
3325 0.3396
3330 0.339
3335 0.3384
3340 0.3377
3345 0.3371
3350 0.3365
3355 0.336
3360 0.3354
3365 0.3349
3370 0.3344
3375 0.3339
3380 0.3334
3385 0.333
3390 0.3326
3395 0.3323
3400 0.332
3405 0.3317
3410 0.3315
3415 0.3312
3420 0.3311
3425 0.3309
3430 0.3308
3435 0.3308
3440 0.3307
3445 0.3307
3450 0.3308
3455 0.3308
3460 0.331
3465 0.3311
3470 0.3313
3475 0.3315
3480 0.3318
3485 0.3321
3490 0.3325
3495 0.3329
3500 0.3333
3505 0.3337
3510 0.3342
3515 0.3348
3520 0.3353
3525 0.3351
3530 0.3357
3535 0.3363
3540 0.3369
3545 0.3375
3550 0.3381
3555 0.3388
3560 0.3395
3565 0.3401
3570 0.3408
3575 0.3415
3580 0.3422
3585 0.3429
3590 0.3435
3595 0.3442
3600 0.3449
3605 0.3456
3610 0.3463
3615 0.3469
3620 0.3476
3625 0.3483
3630 0.3489
3635 0.3496
3640 0.3503
3645 0.3509
3650 0.3537
3655 0.3543
3660 0.3548
3665 0.3554
3670 0.356
3675 0.3565
3680 0.357
3685 0.3575
3690 0.3581
3695 0.3586
3700 0.359
3705 0.3595
3710 0.3599
3715 0.3604
3720 0.3608
3725 0.3611
3730 0.3615
3735 0.3619
3740 0.3622
3745 0.3625
3750 0.3628
3755 0.3631
3760 0.3633
3765 0.3636
3770 0.3638
3775 0.3641
3780 0.3643
3785 0.3645
3790 0.3647
3795 0.365
3800 0.3652
3805 0.3654
3810 0.3656
3815 0.3658
3820 0.366
3825 0.3662
3830 0.3663
3835 0.3665
3840 0.3667
3845 0.3668
3850 0.367
3855 0.3671
3860 0.3672
3865 0.3673
3870 0.3674
3875 0.3675
3880 0.3676
3885 0.3677
3890 0.3677
3895 0.3678
3900 0.3678
3905 0.3678
3910 0.3678
3915 0.3679
3920 0.3679
3925 0.3679
3930 0.3679
3935 0.3679
3940 0.368
3945 0.368
3950 0.368
3955 0.3681
3960 0.3681
3965 0.3682
3970 0.3682
3975 0.3683
3980 0.3684
3985 0.3685
3990 0.3686
3995 0.3687
