0 -0.051
5 -0.051
10 -0.051
15 -0.0509
20 -0.0509
25 -0.0509
30 -0.0509
35 -0.0508
40 -0.0508
45 -0.0507
50 -0.0507
55 -0.0506
60 -0.0506
65 -0.0505
70 -0.0504
75 -0.0503
80 -0.0502
85 -0.0501
90 -0.05
95 -0.0499
100 -0.0498
105 -0.0497
110 -0.0496
115 -0.0494
120 -0.0493
125 -0.0491
130 -0.049
135 -0.0488
140 -0.0487
145 -0.0485
150 -0.0483
155 -0.0482
160 -0.048
165 -0.0478
170 -0.0476
175 -0.0474
180 -0.0472
185 -0.047
190 -0.0467
195 -0.0465
200 -0.0463
205 -0.046
210 -0.0458
215 -0.0455
220 -0.0453
225 -0.045
230 -0.0448
235 -0.0445
240 -0.0442
245 -0.0439
250 -0.0436
255 -0.0433
260 -0.043
265 -0.0427
270 -0.0424
275 -0.0421
280 -0.0418
285 -0.0414
290 -0.0411
295 -0.0407
300 -0.0404
305 -0.04
310 -0.0397
315 -0.0393
320 -0.0389
325 -0.0386
330 -0.0382
335 -0.0378
340 -0.0374
345 -0.037
350 -0.0366
355 -0.0361
360 -0.0357
365 -0.0353
370 -0.0349
375 -0.0344
380 -0.034
385 -0.0335
390 -0.0331
395 -0.0326
400 -0.0321
405 -0.0317
410 -0.0312
415 -0.0307
420 -0.0302
425 -0.0297
430 -0.0292
435 -0.0287
440 -0.0282
445 -0.0276
450 -0.0271
455 -0.0266
460 -0.026
465 -0.0255
470 -0.0249
475 -0.0244
480 -0.0238
485 -0.0233
490 -0.0227
495 -0.0221
500 -0.0215
505 -0.0209
510 -0.0203
515 -0.0197
520 -0.0191
525 -0.0185
530 -0.0179
535 -0.0172
540 -0.0166
545 -0.016
550 -0.0153
555 -0.0147
560 -0.014
565 -0.0134
570 -0.0127
575 -0.012
580 -0.0114
585 -0.0107
590 -0.01
595 -0.0093
600 -0.0086
605 -0.0079
610 -0.0072
615 -0.0065
620 -0.0057
625 -0.005
630 -0.0043
635 -0.0036
640 -0.0028
645 -0.0021
650 -0.0013
655 -0.0006
660 0.0002
665 0.001
670 0.0017
675 0.0025
680 0.0033
685 0.0041
690 0.0049
695 0.0057
700 0.0065
705 0.0073
710 0.0081
715 0.0089
720 0.0097
725 0.0105
730 0.0114
735 0.0122
740 0.013
745 0.0139
750 0.0147
755 0.0156
760 0.0164
765 0.0173
770 0.0181
775 0.019
780 0.0199
785 0.0208
790 0.0216
795 0.0225
800 0.0234
805 0.0243
810 0.0252
815 0.0261
820 0.027
825 0.0279
830 0.0288
835 0.0297
840 0.0306
845 0.0315
850 0.0325
855 0.0334
860 0.0343
865 0.0353
870 0.0362
875 0.0371
880 0.0381
885 0.039
890 0.04
895 0.0409
900 0.0419
905 0.0428
910 0.0438
915 0.0447
920 0.0457
925 0.0467
930 0.0476
935 0.0486
940 0.0496
945 0.0747
950 0.0757
955 0.0767
960 0.0777
965 0.0787
970 0.0798
975 0.0808
980 0.0818
985 0.0828
990 0.0838
995 0.0848
1000 0.0858
1005 0.0868
1010 0.0878
1015 0.0889
1020 0.0899
1025 0.0909
1030 0.0919
1035 0.0929
1040 0.094
1045 0.095
1050 0.096
1055 0.097
1060 0.098
1065 0.0991
1070 0.1001
1075 0.1011
1080 0.1021
1085 0.1032
1090 0.1042
1095 0.1052
1100 0.1062
1105 0.1072
1110 0.1083
1115 0.1093
1120 0.1103
1125 0.1113
1130 0.1124
1135 0.1134
1140 0.1144
1145 0.1154
1150 0.1165
1155 0.1175
1160 0.1185
1165 0.1195
1170 0.1205
1175 0.1216
1180 0.1226
1185 0.1236
1190 0.1246
1195 0.1257
1200 0.1267
1205 0.1277
1210 0.1287
1215 0.1297
1220 0.1308
1225 0.1318
1230 0.1328
1235 0.1338
1240 0.1348
1245 0.1358
1250 0.1369
1255 0.1379
1260 0.1389
1265 0.1399
1270 0.1409
1275 0.142
1280 0.143
1285 0.144
1290 0.145
1295 0.146
1300 0.1471
1305 0.1481
1310 0.1491
1315 0.1501
1320 0.1512
1325 0.1522
1330 0.1532
1335 0.1543
1340 0.1553
1345 0.1563
1350 0.1574
1355 0.1584
1360 0.1595
1365 0.1605
1370 0.1616
1375 0.1626
1380 0.1637
1385 0.1647
1390 0.1658
1395 0.1669
1400 0.1679
1405 0.169
1410 0.1701
1415 0.1712
1420 0.1723
1425 0.1734
1430 0.1745
1435 0.1756
1440 0.1767
1445 0.1778
1450 0.1789
1455 0.1801
1460 0.1812
1465 0.1824
1470 0.1835
1475 0.1847
1480 0.1859
1485 0.1871
1490 0.1883
1495 0.1895
1500 0.1907
1505 0.1919
1510 0.1932
1515 0.1944
1520 0.1957
1525 0.1969
1530 0.1982
1535 0.1995
1540 0.2008
1545 0.2021
1550 0.2035
1555 0.2048
1560 0.2061
1565 0.2075
1570 0.2089
1575 0.2102
1580 0.2116
1585 0.213
1590 0.2144
1595 0.2158
1600 0.2172
1605 0.2187
1610 0.2201
1615 0.2215
1620 0.2229
1625 0.2244
1630 0.2258
1635 0.2272
1640 0.2286
1645 0.23
1650 0.2314
1655 0.2328
1660 0.2342
1665 0.2356
1670 0.237
1675 0.2384
1680 0.2397
1685 0.2411
1690 0.2424
1695 0.2438
1700 0.2451
1705 0.2464
1710 0.2477
1715 0.2491
1720 0.2504
1725 0.2517
1730 0.253
1735 0.2543
1740 0.2556
1745 0.2569
1750 0.2582
1755 0.2595
1760 0.2608
1765 0.2621
1770 0.2634
1775 0.2647
1780 0.2659
1785 0.2671
1790 0.2684
1795 0.2696
1800 0.2707
1805 0.2719
1810 0.273
1815 0.274
1820 0.2751
1825 0.2761
1830 0.277
1835 0.2779
1840 0.2788
1845 0.2796
1850 0.2803
1855 0.281
1860 0.2817
1865 0.2823
1870 0.2828
1875 0.2833
1880 0.2838
1885 0.2842
1890 0.2845
1895 0.2849
1900 0.2851
1905 0.2854
1910 0.2856
1915 0.2858
1920 0.2859
1925 0.286
1930 0.2861
1935 0.2862
1940 0.2863
1945 0.2863
1950 0.2863
1955 0.2864
1960 0.2864
1965 0.2863
1970 0.2863
1975 0.2863
1980 0.2862
1985 0.2862
1990 0.2861
1995 0.2861
2000 0.286
2005 0.2859
2010 0.2858
2015 0.2858
2020 0.2857
2025 0.2856
2030 0.2855
2035 0.2854
2040 0.2854
2045 0.2853
2050 0.2853
2055 0.2852
2060 0.2852
2065 0.2852
2070 0.2852
2075 0.2852
2080 0.2853
2085 0.2854
2090 0.2855
2095 0.2856
2100 0.2857
2105 0.2859
2110 0.2861
2115 0.2863
2120 0.2866
2125 0.2869
2130 0.2872
2135 0.2876
2140 0.2879
2145 0.2884
2150 0.2888
2155 0.2893
2160 0.2898
2165 0.2904
2170 0.291
2175 0.2916
2180 0.2922
2185 0.2929
2190 0.2936
2195 0.2943
2200 0.295
2205 0.2958
2210 0.2966
2215 0.2973
2220 0.2981
2225 0.2989
2230 0.2997
2235 0.3005
2240 0.3012
2245 0.302
2250 0.3027
2255 0.3034
2260 0.3041
2265 0.3047
2270 0.3053
2275 0.3058
2280 0.3063
2285 0.3068
2290 0.3072
2295 0.3076
2300 0.3079
2305 0.3082
2310 0.3085
2315 0.3087
2320 0.3089
2325 0.309
2330 0.3091
2335 0.3092
2340 0.3093
2345 0.3093
2350 0.3094
2355 0.3094
2360 0.3094
2365 0.3093
2370 0.3093
2375 0.3092
2380 0.3092
2385 0.3091
2390 0.309
2395 0.309
2400 0.3089
2405 0.3088
2410 0.3087
2415 0.3085
2420 0.3084
2425 0.3083
2430 0.3081
2435 0.308
2440 0.3078
2445 0.3077
2450 0.3075
2455 0.3073
2460 0.3072
2465 0.3099
2470 0.3098
2475 0.3098
2480 0.3098
2485 0.3098
2490 0.3098
2495 0.3098
2500 0.3099
2505 0.31
2510 0.31
2515 0.3102
2520 0.3103
2525 0.3105
2530 0.3106
2535 0.3108
2540 0.3111
2545 0.3113
2550 0.3115
2555 0.3118
2560 0.3121
2565 0.3124
2570 0.3127
2575 0.313
2580 0.3133
2585 0.3135
2590 0.3138
2595 0.3141
2600 0.3143
2605 0.3146
2610 0.3147
2615 0.3149
2620 0.3151
2625 0.3151
2630 0.3152
2635 0.3152
2640 0.3152
2645 0.3152
2650 0.3151
2655 0.315
2660 0.3148
2665 0.3146
2670 0.3144
2675 0.3141
2680 0.3139
2685 0.3136
2690 0.3132
2695 0.3129
2700 0.3126
2705 0.3122
2710 0.3119
2715 0.3116
2720 0.3113
2725 0.311
2730 0.3107
2735 0.3104
2740 0.3101
2745 0.3099
2750 0.3097
2755 0.3095
2760 0.3093
2765 0.3091
2770 0.309
2775 0.3088
2780 0.3087
2785 0.3086
2790 0.3085
2795 0.3085
2800 0.3084
2805 0.3084
2810 0.3083
2815 0.3083
2820 0.3082
2825 0.3082
2830 0.3082
2835 0.3082
2840 0.3082
2845 0.3082
2850 0.3081
2855 0.3081
2860 0.3081
2865 0.3108
2870 0.3109
2875 0.311
2880 0.3111
2885 0.3112
2890 0.3113
2895 0.3114
2900 0.3115
2905 0.3116
2910 0.3117
2915 0.3117
2920 0.3118
2925 0.3118
2930 0.3119
2935 0.3119
2940 0.3119
2945 0.3119
2950 0.3118
2955 0.3118
2960 0.3117
2965 0.3116
2970 0.3114
2975 0.3113
2980 0.3111
2985 0.3109
2990 0.3107
2995 0.3105
3000 0.3103
3005 0.31
3010 0.3098
3015 0.3095
3020 0.3092
3025 0.3089
3030 0.3086
3035 0.3082
3040 0.3079
3045 0.3075
3050 0.3072
3055 0.3068
3060 0.3065
3065 0.3061
3070 0.3057
3075 0.3053
3080 0.3049
3085 0.3045
3090 0.304
3095 0.3036
3100 0.3031
3105 0.3025
3110 0.302
3115 0.3014
3120 0.3008
3125 0.3143
3130 0.3138
3135 0.3133
3140 0.3128
3145 0.3123
3150 0.3118
3155 0.3112
3160 0.3107
3165 0.3101
3170 0.3095
3175 0.309
3180 0.3084
3185 0.3079
3190 0.3073
3195 0.3068
3200 0.3062
3205 0.3057
3210 0.3051
3215 0.3046
3220 0.3041
3225 0.3036
3230 0.3031
3235 0.3026
3240 0.3021
3245 0.3017
3250 0.3013
3255 0.2863
3260 0.2859
3265 0.2856
3270 0.2853
3275 0.285
3280 0.2848
3285 0.2846
3290 0.2844
3295 0.2843
3300 0.2842
3305 0.2842
3310 0.2843
3315 0.2844
3320 0.2845
3325 0.2847
3330 0.285
3335 0.2854
3340 0.2857
3345 0.2862
3350 0.2867
3355 0.2872
3360 0.2878
3365 0.2885
3370 0.2892
3375 0.2899
3380 0.2906
3385 0.2914
3390 0.2922
3395 0.2931
3400 0.2939
3405 0.2948
3410 0.2957
3415 0.2966
3420 0.2976
3425 0.2985
3430 0.2995
3435 0.3004
3440 0.3014
3445 0.3023
3450 0.3033
3455 0.3042
3460 0.3051
3465 0.306
3470 0.3069
3475 0.3078
3480 0.3087
3485 0.3095
3490 0.3103
3495 0.3111
3500 0.3118
3505 0.3125
3510 0.3132
3515 0.3139
3520 0.3145
3525 0.3151
3530 0.3156
3535 0.3162
3540 0.3167
3545 0.3171
3550 0.3176
3555 0.318
3560 0.3184
3565 0.3188
3570 0.3191
3575 0.3195
3580 0.3198
3585 0.3201
3590 0.3204
3595 0.3207
3600 0.321
3605 0.3212
3610 0.3215
3615 0.3218
3620 0.322
3625 0.3222
3630 0.3224
3635 0.3226
3640 0.3228
3645 0.323
3650 0.3232
3655 0.3233
3660 0.3234
3665 0.3235
3670 0.3236
3675 0.3236
3680 0.3236
3685 0.3236
3690 0.3235
3695 0.3234
3700 0.3233
3705 0.3231
3710 0.3229
3715 0.3227
3720 0.3224
3725 0.322
3730 0.3217
3735 0.3213
3740 0.3208
3745 0.3203
3750 0.3198
3755 0.3192
3760 0.3186
3765 0.3179
3770 0.3173
3775 0.3166
3780 0.3158
3785 0.3151
3790 0.3144
3795 0.3136
3800 0.3128
3805 0.312
3810 0.3112
3815 0.3104
3820 0.3096
3825 0.3088
3830 0.308
3835 0.3072
3840 0.3064
3845 0.3057
3850 0.3049
3855 0.3041
3860 0.3033
3865 0.3026
3870 0.3018
3875 0.301
3880 0.3003
3885 0.2995
3890 0.2988
3895 0.298
3900 0.2973
3905 0.2965
3910 0.2958
3915 0.295
3920 0.2942
3925 0.2934
3930 0.2926
3935 0.2918
3940 0.291
3945 0.2902
3950 0.2893
3955 0.2884
3960 0.2875
3965 0.2866
3970 0.2857
3975 0.2844
3980 0.2837
3985 0.2831
3990 0.2824
3995 0.2817
