0 0.0148
5 0.0148
10 0.0148
15 0.0149
20 0.0149
25 0.0149
30 0.015
35 0.0151
40 0.0152
45 0.0153
50 0.0154
55 0.0155
60 0.0156
65 0.0158
70 0.0159
75 0.0161
80 0.0162
85 0.0164
90 0.0166
95 0.0168
100 0.0171
105 0.0173
110 0.0175
115 0.0178
120 0.018
125 0.0183
130 0.0186
135 0.0189
140 0.0192
145 0.0195
150 0.0199
155 0.0202
160 0.0206
165 0.0209
170 0.0213
175 0.0217
180 0.0221
185 0.0225
190 0.0229
195 0.0234
200 0.0238
205 0.0243
210 0.0248
215 0.0252
220 0.0257
225 0.0263
230 0.0268
235 0.0273
240 0.0278
245 0.0284
250 0.029
255 0.0295
260 0.0301
265 0.0307
270 0.0313
275 0.032
280 0.0326
285 0.0332
290 0.0339
295 0.0346
300 0.0353
305 0.036
310 0.0367
315 0.0374
320 0.0381
325 0.0389
330 0.0396
335 0.0404
340 0.0412
345 0.042
350 0.0428
355 0.0436
360 0.0444
365 0.0453
370 0.0461
375 0.047
380 0.0479
385 0.0488
390 0.0497
395 0.0506
400 0.0515
405 0.0525
410 0.0534
415 0.0544
420 0.0554
425 0.0564
430 0.0574
435 0.0584
440 0.0595
445 0.0605
450 0.0616
455 0.0626
460 0.0637
465 0.0648
470 0.0659
475 0.0671
480 0.0682
485 0.0693
490 0.0705
495 0.0717
500 0.0729
505 0.0741
510 0.0753
515 0.0765
520 0.0778
525 0.079
530 0.0803
535 0.0816
540 0.0829
545 0.0842
550 0.0855
555 0.0869
560 0.0882
565 0.0896
570 0.091
575 0.0924
580 0.0938
585 0.0952
590 0.0966
595 0.0981
600 0.0996
605 0.101
610 0.1025
615 0.104
620 0.1056
625 0.1071
630 0.1086
635 0.1102
640 0.1118
645 0.1134
650 0.115
655 0.1166
660 0.1183
665 0.1199
670 0.1216
675 0.1233
680 0.125
685 0.1267
690 0.1284
695 0.1301
700 0.1319
705 0.1337
710 0.1355
715 0.1373
720 0.1391
725 0.1409
730 0.1428
735 0.1447
740 0.1466
745 0.1485
750 0.1634
755 0.1652
760 0.1672
765 0.1691
770 0.171
775 0.173
780 0.1749
785 0.1769
790 0.1789
795 0.1809
800 0.183
805 0.185
810 0.1871
815 0.1892
820 0.1913
825 0.1935
830 0.1956
835 0.1978
840 0.2
845 0.2022
850 0.2045
855 0.2067
860 0.209
865 0.2113
870 0.2136
875 0.216
880 0.2183
885 0.2207
890 0.2231
895 0.2255
900 0.2279
905 0.2304
910 0.2329
915 0.2354
920 0.2379
925 0.2404
930 0.243
935 0.2456
940 0.2481
945 0.2507
950 0.2533
955 0.256
960 0.2586
965 0.2612
970 0.2639
975 0.2666
980 0.2692
985 0.2719
990 0.2746
995 0.2773
1000 0.2799
1005 0.2826
1010 0.2853
1015 0.2879
1020 0.2906
1025 0.2932
1030 0.2959
1035 0.2985
1040 0.3011
1045 0.3037
1050 0.3062
1055 0.3088
1060 0.3113
1065 0.3138
1070 0.3163
1075 0.3187
1080 0.3211
1085 0.3235
1090 0.3258
1095 0.3281
1100 0.3303
1105 0.3325
1110 0.3347
1115 0.3368
1120 0.3388
1125 0.3408
1130 0.3428
1135 0.3447
1140 0.3466
1145 0.3484
1150 0.3502
1155 0.3519
1160 0.3536
1165 0.3552
1170 0.3568
1175 0.3584
1180 0.3599
1185 0.3614
1190 0.3628
1195 0.3642
1200 0.3656
1205 0.3669
1210 0.3682
1215 0.3694
1220 0.3706
1225 0.3717
1230 0.3728
1235 0.3738
1240 0.3748
1245 0.3758
1250 0.3767
1255 0.3776
1260 0.3784
1265 0.3792
1270 0.3799
1275 0.3806
1280 0.3812
1285 0.3817
1290 0.3822
1295 0.3827
1300 0.3831
1305 0.3834
1310 0.3837
1315 0.384
1320 0.3841
1325 0.3843
1330 0.3843
1335 0.3844
1340 0.3843
1345 0.3843
1350 0.3842
1355 0.384
1360 0.3838
1365 0.3836
1370 0.3833
1375 0.383
1380 0.3827
1385 0.3823
1390 0.3819
1395 0.3816
1400 0.3812
1405 0.3808
1410 0.3803
1415 0.3799
1420 0.3795
1425 0.3791
1430 0.3787
1435 0.3782
1440 0.3778
1445 0.3775
1450 0.3771
1455 0.3767
1460 0.3764
1465 0.376
1470 0.3757
1475 0.3754
1480 0.3751
1485 0.3749
1490 0.3746
1495 0.3744
1500 0.3742
1505 0.374
1510 0.3738
1515 0.3737
1520 0.3736
1525 0.3735
1530 0.3734
1535 0.3733
1540 0.3732
1545 0.3732
1550 0.3731
1555 0.3731
1560 0.3731
1565 0.3731
1570 0.3731
1575 0.3731
1580 0.3731
1585 0.3731
1590 0.3731
1595 0.3731
1600 0.3731
1605 0.3731
1610 0.3731
1615 0.3731
1620 0.3731
1625 0.3731
1630 0.373
1635 0.373
1640 0.373
1645 0.3729
1650 0.3729
1655 0.3728
1660 0.3728
1665 0.3727
1670 0.3726
1675 0.3726
1680 0.3725
1685 0.3725
1690 0.3724
1695 0.3723
1700 0.3723
1705 0.3723
1710 0.3722
1715 0.3722
1720 0.3722
1725 0.3722
1730 0.3722
1735 0.3723
1740 0.3723
1745 0.3724
1750 0.3724
1755 0.3725
1760 0.3726
1765 0.3727
1770 0.3728
1775 0.373
1780 0.3731
1785 0.3732
1790 0.3734
1795 0.3736
1800 0.3737
1805 0.3739
1810 0.374
1815 0.3742
1820 0.3743
1825 0.3745
1830 0.3746
1835 0.3747
1840 0.3748
1845 0.3749
1850 0.3749
1855 0.375
1860 0.375
1865 0.375
1870 0.375
1875 0.3749
1880 0.3749
1885 0.3748
1890 0.3747
1895 0.3746
1900 0.3745
1905 0.3744
1910 0.3743
1915 0.3742
1920 0.3741
1925 0.3739
1930 0.3738
1935 0.3737
